user	postsNum	followersNum	followingNum	hasLocation	AtUserNum	AtUserPostsNum	AtUserFollowerNum	AtUserFollowingNum	hashTagNum	hashTagPostsNum	likeNum
mandyliu410	57	475	410	0	6	415;272;57;272;13;272;	392;586;475;586;62;586;	393;352;410;352;133;352;	2		59
mandyliu410	57	475	410	0	19	57;14;57;172;9;9;161;272;272;311;57;272;272;57;272;161;311;57;9;	409;47;475;10.9k;175;220;367;586;586;685;475;586;586;475;586;367;685;475;220;	630;154;410;557;260;158;333;352;352;444;410;352;352;410;352;333;444;410;158;	6	242,301130,50723,90055,00832,042,665224,691,860	103
mandyliu410	57	475	410	0	5	311;272;57;272;161;	685;586;475;586;367;	444;352;410;352;333;	5	2,118,63445,204112,561472423,719,882	117
mandyliu410	57	475	410	1	11	272;57;272;449;272;57;57;1;14;57;14;	586;409;586;1,133;586;475;475;165;47;475;47;	352;630;352;291;352;410;410;89;154;410;154;	6	80,4197,381,7748,413,116	99
mandyliu410	57	475	410	0	6	89;476;415;1;9;8;	1,038;526;392;165;175;117;	981;364;393;89;260;119;	5	2,399,3788,413,116	120
mandyliu410	57	475	410	1	4	164;272;154;	679;586;810;	660;352;532;	4	538,5027,454,7494,814,783	75
mandyliu410	57	475	410	1	4	311;89;57;1;	685;1,038;475;165;	444;981;410;89;	4	14,59127,3097,281286,152,813	100
mandyliu410	57	475	410	1	13	80;311;57;311;57;51;86;272;49;91;22;1;	452;685;475;685;475;210;374;586;311;111;63;165;	496;444;410;444;410;212;333;352;261;155;100;89;	5	121,0324,885472,642169,482	120
mandyliu410	57	475	410	1	0				5	42,229,41959,750682,698707,874281,348	109
mandyliu410	57	475	410	1	5	52;272;172;	315;586;10.9k;	247;352;557;	3	8,462,31613,052,11827,745,941	110
mandyliu410	57	475	410	1	1	52;	152;	323;	6	2110,3423011,182,50234,209,0513,563	85
mandyliu410	57	475	410	1	1	272;	586;	352;	5	1,253,95891,53715,567,52243,253,9145,914,020	70
sallysbakeblog	3,589	226k	312	0	10	282;1,042;422;216;119;1,657;618;216;8;801;	438;580;172;329;179;241;283;455;19;279;	428;402;170;491;254;307;448;559;84;351;	9	5,53913,6681,168,476186,62810,474,44734,86132,53930,46340,975	2,632
sallysbakeblog	3,589	226k	312	0	4	940;139;735;230;	177k;656;1,255;203;	903;709;775;647;	4	40,97542,141107,10896,279	3,816
sallysbakeblog	3,589	226k	312	0	12	1,777;225;513;3,589;47;55;1,372;4,077;496;46;12;3,589;	96k;410;380;226k;79;171;3,157;792;393;132;400;226k;	1,311;425;499;312;213;322;879;655;640;250;430;312;	0		3,508
sallysbakeblog	3,589	226k	312	0	5	457;3,589;52;281;3,589;	395;226k;132;240;226k;	364;312;296;379;312;	4	40,97528,31916,53254,562	2,375
sallysbakeblog	3,589	226k	312	0	11	287;867;148;555;456;149;58;1,286;184;530;219;	1,317;221;97;543;502;47;255;994;498;799;233;	970;95;272;620;1,115;732;261;909;802;695;490;	6	5,804,9021,186,17113,1951,168,478354,90040,975	4,193
sallysbakeblog	3,589	226k	312	0	17	890;249;510;169;1,137;27;214;307;221;288;23;53;176;396;96;456;23;	175;256;162;68;162;45;578;239;309;191;316;159;477;255;317;502;316;	358;325;233;82;251;62;555;302;444;284;641;242;531;446;348;1,115;641;	6	5,804,90827,1101,309,532590,834354,90040,975	2,617
sallysbakeblog	3,589	226k	312	0	6	518;518;511;459;116;765;	736;736;639;293;25;667;	587;587;748;409;74;760;	7	5,804,9121,8331,479,381354,900191,546590,83440,975	4,608
sallysbakeblog	3,589	226k	312	0	25	3,772;1,982;173;473;710;1,421;0;10;56;1,085;285;145;188;185;363;1,311;92;41;427;250;448;1,308;13;102;681;	196k;487;1,045;304;1,396;311;8;5;470;681;152;110;433;133;327;1,629;1,423;369;275;87;345;375;32;182;349;	847;1,157;279;256;619;668;2;12;1,583;633;522;278;626;157;260;2,154;1,612;579;250;139;817;439;314;203;381;	9	40,9753,082,81619,859590,834664,74796,78940,975354,90030,463	8,576
sallysbakeblog	3,589	226k	312	0	13	3,589;86;180;447;358;197;3,589;116;33;3,589;3,589;435;2,662;	226k;146;460;764;63;139;226k;114;123;226k;226k;484;219;	312;180;568;771;329;272;312;152;240;312;312;1,658;318;	6	2,6615,804,9137,004,560354,90050,146,7541,168,478	3,528
sallysbakeblog	3,589	226k	312	0	9	398;35;310;3,589;145;152;188;166;41;	8,344;10.4k;1,045;226k;161;148;518;144;83;	754;5,987;689;312;961;180;247;238;169;	7	5,804,91750,146,7581,124354,9001,409,8051,168,47840,975	2,502
sallysbakeblog	3,589	226k	312	0	16	82;225;454;454;268;709;479;28;971;251;2;58;1,185;386;233;71;	1,266;1,196;1,091;1,091;73;535;121;547;4,189;648;21;70;196;174;315;331;	940;571;807;807;600;573;224;666;1,238;946;102;187;638;389;619;568;	8	11,9105,804,91958250,146,767354,9011,640,6842,45640,975	4,579
sallysbakeblog	3,589	226k	312	0	12	0;41;281;3;457;585;416;457;217;18;1,016;3,589;	1,299;310;391;184;239;231;346;239;522;476;565;226k;	1;297;503;175;325;248;170;325;854;646;1,368;312;	9	2,4565,804,9211,479,38315,957,1911,168,47811,910616,834354,90240,975	8,559
sallysbakeblog	3,589	226k	312	0	10	2,576;77;41;2,765;193;2,025;173;90;62;90;	67.7k;146;83;206k;113;282;66;151;114;151;	1,059;262;169;473;280;831;88;272;331;272;	6	5,804,922418139,5231,640,686354,90240,975	5,047
sallysbakeblog	3,589	226k	312	0	14	521;247;1,584;710;1,663;1,669;511;3,589;188;188;444;3,589;3,589;3,589;	143;155;684;476;1,378;11.3k;265;226k;498;498;1,149;226k;226k;226k;	243;223;411;426;535;7,380;503;312;497;497;1,307;312;312;312;	6	11,910191,54795,198590,83642,90440,975	7,172
sallysbakeblog	3,589	226k	312	0	15	1,193;41;3,589;688;245;1,191;685;3,589;447;1,204;282;78;205;33;66;	183;56;226k;554;226;668;998;226k;522;116;58;998;136;101;333;	520;58;312;880;539;205;1,165;312;856;299;94;423;686;255;389;	7	40,9755,804,9312,354268,0084,727252,6643,082,824	6,814
sallysbakeblog	3,589	226k	312	0	12	739;448;3,589;20;84;456;130;1,656;59;22;1,486;24;	1,775;498;226k;55;135;502;29;922;280;696;415;34;	835;433;312;84;262;1,115;43;1,054;524;2,085;461;68;	6	40,9755,804,93340,64955,6921,168,47921,037	4,105
sallysbakeblog	3,589	226k	312	0	6	3,589;788;16;683;3,589;6;	226k;35.8k;126;184;226k;54;	312;372;178;362;312;63;	2	647,484264,397	6,347
sallysbakeblog	3,589	226k	312	0	7	202;2;2;50;302;457;462;	1,359;0;0;51;248;952;256;	456;33;33;61;292;1,749;704;	9	16,243,070255,8155,804,9354,53616,243,07155,69214,226354,90240,975	3,325
sallysbakeblog	3,589	226k	312	0	7	811;307;0;17;521;128;3,589;	235k;693;31;377;374;205;226k;	566;958;535;799;555;301;312;	0		3,515
sallysbakeblog	3,589	226k	312	0	10	204;204;604;1,450;394;199;54;196;159;3,589;	872;872;457;341;123;96;202;149;41;226k;	383;383;658;1,320;211;148;255;189;150;312;	5	61710,089,3322,251,912354,902622	4,483
sallysbakeblog	3,589	226k	312	0	5	193;4,693;205;4,384;373;	52;39;68;70;158;	75;81;114;106;851;	6	5,804,93510,686354,90350,146,9171,409,81140,975	4,106
sallysbakeblog	3,589	226k	312	0	10	117;302;219;219;539;1;101;507;799;229;	92;1,694;285;285;208;219;479;302;575;477;	289;1,168;474;474;301;187;485;641;807;497;	8	5,804,9372,581,671114,7437,103354,902250,15716,243,06940,975	6,088
sallysbakeblog	3,589	226k	312	0	16	0;256;860;175;3,589;900;218;321;60;1,327;172;172;657;869;204;1,100;	19;482;132;127;226k;469;1,498;133;96;255;315;315;219;246;249;2,364;	34;519;352;473;312;1,108;1,037;264;163;563;337;337;260;289;85;355;	10	4402,027,86268,3845,483332,83630,463139,518252,665264,39740,975	8,620
sallysbakeblog	3,589	226k	312	0	19	3,589;318;111;811;1,372;608;73;278;720;154;97;757;53;77;42;3,589;310;165;345;	226k;194;308;235k;46.5k;646;60;32;128;31;126;429;44;146;93;226k;187;147;380;	312;835;489;566;1,836;647;110;587;189;352;139;597;386;262;168;312;458;775;845;	7	16,243,0775,804,94420,3031,0491,168,479354,90440,975	3,209
sallysbakeblog	3,589	226k	312	0	9	1,615;3,589;162;48;34;842;77;48;34;	1,354;226k;3,481;186;135;19.5k;146;150;636;	1,631;312;151;88;216;462;262;173;412;	6	255,73493,093,4785,804,9481,409,814354,90440,975	3,176
sallysbakeblog	3,589	226k	312	0	2	77;162;	146;3,482;	262;151;	6	2,6615,804,9527,004,5901,168,479354,90440,975	3,343
anneauchocolat	3,882	200k	387	1	10	2,766;3,882;98;202;3,882;206;202;202;509;113;	206k;200k;489;98;200k;326;98;98;111k;18.4k;	473;387;544;428;387;96;428;428;192;32;	1	6,355,077	1,900
anneauchocolat	3,882	200k	387	0	7	1,212;3,882;556;313;442;185;579;	138k;200k;1,261;324;278;269;965;	321;387;861;415;376;395;749;	0		2,567
anneauchocolat	3,882	200k	387	0	12	18;297;990;437;699;509;1,071;1,163;1,695;647;165;238;	63;230;311;353;145k;111k;13.7k;995k;424k;257;117;223;	94;447;359;148;97;192;806;332;423;528;286;1,033;	0		2,554
anneauchocolat	3,882	200k	387	0	7	3,882;172;736;172;133;36;3,882;	200k;123;168;123;65;27;200k;	387;438;490;438;159;78;387;	1	247	3,269
anneauchocolat	3,882	200k	387	0	13	108;96;926;30;25;241;2,124;1,705;1,163;2,373;1,081;51;208;	159;946;437;195;496;521;258k;193k;995k;34.5k;4,704;227;555;	414;641;618;107;481;925;373;771;332;1,049;933;554;621;	0		4,410
anneauchocolat	3,882	200k	387	0	11	2,561;209;1,494;90;477;0;6;31;6;9;31;	1,405;112;395;121;289;9;625;218;625;78;50;	2,427;175;270;277;448;26;573;506;573;574;239;	0		5,886
anneauchocolat	3,882	200k	387	0	0				0		2,091
anneauchocolat	3,882	200k	387	0	8	25;19;10;36;229;40;2,756;1,112;	46;973;161;136;163;100;589;456;	75;869;443;375;1,663;280;523;320;	1	55,166	3,789
anneauchocolat	3,882	200k	387	0	6	699;1,163;5;904;509;2,124;	145k;995k;3;90.9k;111k;258k;	97;332;75;834;192;373;	0		3,096
anneauchocolat	3,882	200k	387	0	5	97;3,882;622;1,069;119;	291;200k;217;610;256;	483;387;483;863;767;	0		3,357
anneauchocolat	3,882	200k	387	0	5	3,674;0;739;3,882;	49.1k;517;9,882;200k;	416;408;951;387;	0		2,861
anneauchocolat	3,882	200k	387	0	3	490;349;139;	632;5,079;508;	700;409;778;	0		2,524
anneauchocolat	3,882	200k	387	0	4	114;699;1,163;1,071;	306;145k;995k;13.7k;	316;97;332;806;	0		2,233
anneauchocolat	3,882	200k	387	0	6	3,674;1,013;3,208;3,674;509;699;	49.1k;10.9k;207;49.1k;111k;145k;	416;677;265;416;192;97;	0		2,340
anneauchocolat	3,882	200k	387	0	9	2,729;509;1,163;114;460;1,071;40;120;689;	38.5k;111k;995k;306;35k;13.7k;154;1,364;95;	604;192;332;316;1,089;806;254;260;1,034;	0		1,830
anneauchocolat	3,882	200k	387	0	12	689;1,163;1,081;1,071;114;475;699;895;3,060;357;594;146;	95;995k;4,704;13.7k;306;1,349;145k;58.9k;1,316;575;434;79;	1,034;332;933;806;316;546;97;631;570;453;796;245;	0		2,970
anneauchocolat	3,882	200k	387	0	1	166;	1,427;	7,057;	0		1,886
anneauchocolat	3,882	200k	387	0	20	87;3,882;38;53;238;68;238;113;51;44;28;60;28;342;182;60;1,163;59;3,208;63;	36;200k;85;110;129;192;129;972;578;659;69;56;160;238;175;177;995k;103;207;80;	82;387;204;167;382;330;382;914;536;649;66;187;167;420;574;330;332;114;265;235;	0		2,899
anneauchocolat	3,882	200k	387	0	15	199;2,957;709;361;396;257;2;63;918;2,124;2,766;509;97;479;23;	167;74.5k;4,292;245;144;238;3;94;109;258k;206k;111k;791;176;63;	284;717;862;294;220;384;135;296;182;373;473;192;248;272;112;	0		3,362
anneauchocolat	3,882	200k	387	0	0				0		2,513
anneauchocolat	3,882	200k	387	0	7	2,124;918;3,882;699;1,695;184;3,882;	258k;109;200k;145k;424k;87;200k;	373;182;387;97;423;131;387;	1	7,474,877	2,135
anneauchocolat	3,882	200k	387	0	7	3,882;686;451;697;1,235;582;678;	200k;159;167;630;723;3,493;330;	387;228;369;1,174;668;554;688;	1	4,343	3,005
anneauchocolat	3,882	200k	387	0	2	190;3,882;	204;200k;	361;387;	1	6,355,079	2,434
anneauchocolat	3,882	200k	387	0	11	812;6;8;496;114;699;369;3,882;0;925;179;	574;1;176;1,141;306;145k;458;200k;368;9,183;104;	2,195;223;252;1,107;316;97;584;387;860;764;111;	1	247	4,000
deanisidro	1,025	11.8k	556	1	11	920;765;348;12,413;907;1,534;1,025;920;1,025;31;956;	210k;2,426;1,306;224k;33.4k;116k;11.8k;210k;11.8k;386;894;	1,225;365;391;808;655;939;556;1,225;556;1,223;326;	0		662
deanisidro	1,025	11.8k	556	0	3	1,025;1,122;868;	11.8k;1,984;22.3k;	556;1,479;1,575;	0		281
deanisidro	1,025	11.8k	556	1	6	152;152;152;2,019;152;152;	847;847;847;3,058;847;847;	597;597;597;1,107;597;597;	2	82,362,96929,096,410	710
deanisidro	1,025	11.8k	556	0	2	28;6,349;	19.5k;151k;	236;545;	0		742
deanisidro	1,025	11.8k	556	1	5	551;2,415;3,913;1,534;135;	98.2k;12.6m;573k;116k;186;	1,150;349;6,196;939;188;	0		443
deanisidro	1,025	11.8k	556	1	10	920;6,748;765;348;474;1,638;90;575;33;74;	210k;6.2m;2,426;1,306;5,616;770;412;8,357;479;92;	1,225;2;365;391;1,132;479;447;1,056;324;4;	0		1,173
deanisidro	1,025	11.8k	556	1	18	920;12,413;765;348;3,661;1,941;6,114;1,221;62;2,140;1,025;1,025;920;874;8,865;879;579;1,025;	210k;224k;2,426;1,306;12.5m;34.8k;71.6k;20.6k;85.4k;6,099;11.8k;11.8k;210k;52k;81.4k;15.3k;17.4k;11.8k;	1,225;808;365;391;248;4,737;1,560;1,830;219;2,027;556;556;1,225;1,012;5,818;1,514;711;556;	2	36,278,0639,782,523	550
deanisidro	1,025	11.8k	556	1	9	12,413;920;4,533;765;348;6,114;1,122;62;819;	224k;210k;24.1m;2,426;1,306;71.6k;1,984;85.4k;1,405;	808;1,225;150;365;391;1,560;1,479;219;835;	0		478
deanisidro	1,025	11.8k	556	0	13	285;3,913;56;504;1,721;1,727;4,107;1,071;120;1,874;2,833;210;743;	77.1k;573k;271;4.2m;4,582;8,353;1,226;1,586;1,924;1,477;9,630;172;119k;	603;6,196;27;1;783;1,232;821;226;709;1,380;2,333;431;2,840;	0		1,454
deanisidro	1,025	11.8k	556	0	17	285;1,721;1,727;3,913;8,865;4,107;1,071;14;466;868;152;10,255;285;1,673;285;1,025;980;	77.1k;4,582;8,353;573k;81.4k;1,226;1,586;155;3,477;22.3k;847;9,191;77.1k;1,726;77.1k;11.8k;3,621;	603;783;1,232;6,196;5,818;821;226;212;1,487;1,575;597;1,947;603;1,260;603;556;655;	4	29,685,54490,560,4659,185,634465,467	425
deanisidro	1,025	11.8k	556	1	7	605;1,496;1,727;439;94;745;962;	17.8k;14.7k;8,353;3,341;213;19.1k;1,832;	660;2,201;1,232;654;494;4,827;526;	0		328
deanisidro	1,025	11.8k	556	1	9	180;8,865;51;73;123;33;59;33;59;	66.6k;81.4k;568;2,992;1,194;343k;344k;343k;344k;	591;5,818;524;4,891;891;108;107;108;107;	0		969
deanisidro	1,025	11.8k	556	0	8	605;1,496;1,727;439;94;1,496;184;745;	17.8k;14.7k;8,353;3,341;213;14.7k;869;19.1k;	660;2,201;1,232;654;494;2,201;1,109;4,827;	1	5,039,763	328
deanisidro	1,025	11.8k	556	0	10	28;423;1,664;1,071;3,309;1,025;423;578;1,530;1,025;	19.5k;3,046;2,933;1,586;3,239;11.8k;3,046;14k;1,120;11.8k;	236;964;2,097;226;1,477;556;964;667;1,102;556;	2	29,685,5921,696,264	378
deanisidro	1,025	11.8k	556	1	3	348;906;	1,306;2,073;	391;667;	0		497
deanisidro	1,025	11.8k	556	0	11	28;423;1,664;1,071;5,122;453;3,309;1,530;633;294;	19.5k;3,046;2,933;1,586;10.4m;700k;3,239;1,120;16.4k;5,458;	236;964;2,097;226;4;1,158;1,477;1,102;682;926;	2	8,178,25928,474,631	260
deanisidro	1,025	11.8k	556	1	9	920;2;348;765;1,459;920;1,025;920;1,025;	210k;13;1,306;2,426;866;210k;11.8k;210k;11.8k;	1,225;0;391;365;2,462;1,225;556;1,225;556;	0		296
deanisidro	1,025	11.8k	556	1	1	6,114;	71.6k;	1,560;	0		225
deanisidro	1,025	11.8k	556	1	0				12	7,381,8821,283,908397,102,42530,904,23213,803,563286,158,760314,4023,070,96030,750,94628,474,64058,0736,637,493	259
deanisidro	1,025	11.8k	556	1	6	226;353;1,496;1,543;2,596;2,130;	335;1,419;14.7k;14.8k;82.7k;10k;	282;1,667;2,201;843;818;1,014;	1	32,903,720	283
deanisidro	1,025	11.8k	556	0	4	382;2,072;116;2,072;	6,185;110k;481;110k;	1,154;973;918;973;	0		191
deanisidro	1,025	11.8k	556	1	13	56;285;1,727;1,721;397;1,122;1,727;236;423;364;965;1,062;	271;77.1k;8,353;4,582;3,376;1,984;8,353;692;8,673;1,620;65k;6,952;	27;603;1,232;783;754;1,479;1,232;470;840;1,667;2,589;7,135;	3	11,773,76129,685,6223,126	1,041
deanisidro	1,025	11.8k	556	0	3	711;1,398;221;	6,229;1,576;1,308;	279;1,194;2,004;	2	3,026,8521,034	233
deanisidro	1,025	11.8k	556	1	11	2,072;56;2;1,944;962;1,205;1,804;661;1,554;1,025;11;	110k;271;13;811;1,832;2,442;422;409;360;11.8k;56;	973;27;0;1,034;526;2,123;453;1,371;642;556;266;	2	3,558,66375,585	393
deanisidro	1,025	11.8k	556	1	9	1,716;578;999;221;1,025;223;470;511;1,509;	899;14k;2,314;1,308;11.8k;2,375;990;466;25.9k;	867;667;1,383;2,004;556;575;940;249;3,135;	0		445
deanisidro	1,025	11.8k	556	1	5	56;152;235;1,025;30;	271;847;30k;11.8k;1,697;	27;597;6,838;556;5,503;	2	2,605,438250,030,976	265
deanisidro	1,025	11.8k	556	1	13	152;152;99;155;868;1,804;511;1,025;1,205;553;750;579;	847;847;125;153;22.3k;421;466;11.8k;2,442;1,309;2,726;17.4k;	597;597;163;140;1,575;453;249;556;2,123;857;1,344;711;	2	2,535,4874,647	497
anandbc	91	4,558	517	1	11	121;4,813;5,433;3,901;23,812;17,554;3,398;694;4,448;2,782;1,808;	927;1.2m;1m;642k;5.9m;2.2m;364k;107k;210k;708k;289k;	662;985;1,164;5,218;167;814;982;1,016;615;7,125;278;	28	17,766,2114,675,598874,45822,501,9906,453,10919,877,888523,56559,438,64913,349,0378,598,923540,846731,0406,981,6957,350,19011,686,1712,812,6311,259,5741,312,6107,065,084167,881,8744,802,9884,690,4856,210,2823,626,63012,163202,2008,780,6376,750,258	295
anandbc	91	4,558	517	1	7	2,482;4,813;3,901;969;5,433;1,539;91;	281k;1.2m;642k;91k;1m;72.9k;3,956;	934;985;5,218;548;1,164;22;998;	29	6,466,89941,458,3685,522,970679,84513,349,05267,9091,345,717871,245226,90056,184578,79615,306,336779,947,5293,587,6998,780,6333,471,00363,3811,329,37513,349,0582,099,350	300
anandbc	91	4,558	517	1	8	2,482;4,813;3,901;969;5,433;1,539;328;26;	281k;1.2m;642k;91k;1m;72.9k;45.2k;1,222;	934;985;5,218;548;1,164;22;2,598;273;	29	11,470,134321,022,85341,732,9715,522,97917,915,68413,349,07067,909194,103871,245226,90056,184112,662229,5771,050,1578,76448,5272,544,792641,64734,954,11222,502,04615,306,348779,948,2563,587,7028,780,6383,471,01263,3811,329,37513,349,0702,099,353	371
anandbc	91	4,558	517	1	16	2,482;4,813;3,901;969;5,433;1,539;328;105;6;29;29;150;153;36;537;82;	281k;1.2m;642k;91k;1m;72.9k;45.2k;215;481;746;710;15.6k;538;1,164;858;4,106;	934;985;5,218;548;1,164;22;2,598;427;107;351;396;359;394;563;1,749;1,488;	29	122,0466,466,921229,5761,050,1608,76448,5272,544,796641,647357,06822,502,07315,306,355779,948,8403,587,7048,780,6443,471,01563,3811,329,37513,349,0782,099,352	401
anandbc	91	4,558	517	1	14	2,482;4,813;3,901;969;5,433;1,539;328;134;270;18;274;210;312;145;	281k;1.2m;642k;91k;1m;72.9k;45.2k;11k;80;866;21.4k;4,035;706;1,066;	934;985;5,218;548;1,164;22;2,598;300;78;864;992;1,153;1,064;566;	29	122,0466,466,92841,458,5305,522,993499,26713,349,08167,910194,104871,247226,90056,186112,664229,5791,050,1638,76448,5272,544,809641,651357,06922,502,09715,306,363779,949,3663,587,703	408
anandbc	91	4,558	517	1	16	2,482;4,813;3,901;969;5,433;1,539;328;813;1;150;82;303;39;323;91;323;	281k;1.2m;642k;91k;1m;72.9k;45.2k;11.8k;302;15.6k;585;5,713;660;444;4,558;444;	934;985;5,218;548;1,164;22;2,598;626;36;359;408;175;1,796;489;517;489;	29	122,0466,466,93341,458,5875,523,004499,26613,349,09467,910194,104871,249226,90056,186112,664229,5791,050,1648,76448,5272,544,815641,648	635
anandbc	91	4,558	517	1	16	1,798;2,482;4,813;3,901;969;5,433;1,539;328;85;136;68;150;139;153;	319k;281k;1.2m;642k;91k;1m;72.9k;45.2k;546;2,270;317;1,889;3,332;538;	368;934;985;5,218;548;1,164;22;2,598;590;2,051;235;409;2,733;394;	29	122,0466,466,93841,458,6445,523,016499,26613,349,11567,910194,106871,250226,90056,186112,665229,5791,050,1648,76348,5272,544,823641,646357,06422,502,15915,306,397779,950,8183,587,7068,780,6613,471,02363,3811,329,37913,349,1282,099,363	876
anandbc	91	4,558	517	1	16	2,482;4,813;3,901;969;5,433;1,539;328;120;411;188;103;91;45;1,012;91;150;	281k;1.2m;642k;91k;1m;72.9k;45.2k;12.3k;116;890;1,658;1,193;1,488;4,839;1,955;15.6k;	934;985;5,218;548;1,164;22;2,598;84;206;895;1,111;722;728;1,948;282;359;	29	122,0466,466,93541,458,7075,523,034499,26613,349,13367,910194,107871,258226,90056,186112,665229,5791,050,1708,76348,5272,544,831641,648357,06822,502,18715,306,416779,951,5323,587,7048,780,6773,471,02663,3811,329,38213,349,1392,099,365	838
anandbc	91	4,558	517	1	12	1,798;2,482;4,813;3,901;5,433;91;1,511;350;33;59;350;57;	319k;281k;1.2m;642k;1m;4,558;33.1k;22.6k;343k;344k;14.5k;152k;	368;934;985;5,218;1,164;517;826;161;108;107;190;888;	29	122,0467574735,523,047499,266897,28467,910194,108871,261226,90156,186112,665229,5801,050,1738,76448,5272,544,838641,650357,06822,502,21315,306,434	2,402
anandbc	91	4,558	517	1	7	2,482;4,813;3,901;5,433;31;436;601;	281k;1.2m;642k;1m;55;10.2k;31.3k;	934;985;5,218;1,164;2;559;1,230;	29	122,0467574735,523,056499,266897,28567,910194,108871,261226,90156,186112,665229,5811,050,1798,76448,5272,544,851641,653357,067	869
anandbc	91	4,558	517	1	6	2,482;4,813;3,901;5,433;272;121;	281k;1.2m;642k;1m;212;682;	934;985;5,218;1,164;183;1,755;	29	122,0477574735,523,066499,266897,28667,910194,108871,261226,90256,186112,665229,5811,050,1838,76448,5282,544,859641,656357,06822,502,26515,306,460	2,283
anandbc	91	4,558	517	1	10	2,482;4,813;3,901;5,433;320;601;188;1,188;91;48;	281k;1.2m;642k;1m;2,388;31.3k;12.8k;23.7k;4,558;604;	934;985;5,218;1,164;427;1,230;105;360;517;958;	29	897,28667,910194,108871,263226,90356,186112,665229,5811,050,1878,76448,5282,544,864641,657357,06822,502,29015,306,476779,953,8433,587,7048,780,717	3,496
anandbc	91	4,558	517	1	13	2,482;4,813;3,901;5,433;33;125;125;125;12;145;872;91;19;	281k;1.2m;642k;1m;1,072;1,113;1,113;1,113;246;1,066;1,478;4,558;1,010;	934;985;5,218;1,164;957;1,195;1,195;1,195;110;566;987;517;1,036;	29	5,523,078499,268897,28667,910194,108871,262226,90356,186112,665229,5811,050,1878,76448,5282,544,870641,659357,06822,502,31215,306,488779,954,3483,587,7068,780,716	3,039
anandbc	91	4,558	517	1	7	2,482;4,813;3,901;5,433;91;0;91;	281k;1.2m;642k;1m;4,558;452;4,558;	934;985;5,218;1,164;517;191;517;	29	122,0477574735,523,084499,268897,29067,909194,108871,264226,90456,186112,665229,5821,050,1908,76348,5282,544,875641,662357,066	1,282
anandbc	91	4,558	517	1	6	2,482;4,813;3,901;5,433;203;	281k;1.2m;642k;1m;689;	934;985;5,218;1,164;1,016;	29	122,0477574735,523,096499,268897,29067,909194,108871,266226,90456,186112,665229,5821,050,1898,76348,5282,544,875641,662357,06622,502,34115,306,519	569
anandbc	91	4,558	517	1	8	2,482;4,813;3,901;5,433;856;145;153;21;	281k;1.2m;642k;1m;6,596;1,066;521;99;	934;985;5,218;1,164;270;566;516;68;	29	67,909194,108871,266226,90456,186112,665229,5841,050,1928,76348,5282,544,884641,663357,06922,502,36715,306,538779,956,2963,587,7108,780,7333,471,058	1,405
anandbc	91	4,558	517	1	6	2,482;4,813;3,901;5,433;110;354;	281k;1.2m;642k;1m;206;13.2k;	934;985;5,218;1,164;552;389;	29	871,267226,90456,186112,665229,5861,050,2018,76348,5282,544,890641,665357,07122,502,39215,306,553779,956,8563,587,7118,780,7443,471,06263,3831,329,39413,349,2522,099,381	1,733
anandbc	91	4,558	517	1	5	2,482;4,813;3,901;5,433;470;	281k;1.2m;642k;1m;1,369;	934;985;5,218;1,164;822;	29	229,5861,050,2018,76348,5282,544,893641,668357,07222,502,42715,306,567779,957,5643,587,7128,780,7523,471,06463,3831,329,39613,349,2702,099,383	858
anandbc	91	4,558	517	1	8	2,482;4,813;3,901;5,433;609;609;740;3,180;	281k;1.2m;642k;1m;1,535;1,535;2,408;440k;	934;985;5,218;1,164;1,407;1,407;658;14;	29	122,04775715,306,573779,957,9653,587,7148,780,7633,471,06663,3831,329,39613,349,2842,099,386	633
anandbc	91	4,558	517	1	12	616;4,813;5,433;3,901;23,812;17,555;3,398;694;4,448;2,782;1,808;0;	14.8k;1.2m;1m;642k;5.9m;2.2m;364k;107k;210k;708k;289k;96;	6,950;985;1,164;5,218;167;814;982;1,016;615;7,125;278;21;	28	17,766,6604,675,658874,47322,502,4646,453,21819,878,289523,57859,439,66113,349,2898,599,093540,842731,066167,882,9634,803,1004,690,5666,210,4293,626,71512,162202,2048,780,7706,750,304	2,276
anandbc	91	4,558	517	1	8	2,482;4,813;3,901;5,433;272;36;193;831;	281k;1.2m;642k;1m;1,608;272;564;3,741;	934;985;5,218;1,164;378;1,290;561;729;	29	122,0477574735,523,142499,270897,29767,910194,108871,271226,9058,76348,5282,544,910641,674357,07422,502,50615,306,607779,959,4243,587,7158,780,7783,471,07063,3831,329,39913,349,3332,099,391	419
anandbc	91	4,558	517	1	5	4,813;5,433;3,901;23,812;17,555;	1.2m;1m;642k;5.9m;2.2m;	985;1,164;5,218;167;814;	31	17,766,70020,836,4574,675,663874,47422,502,5042,250,72159,439,79313,349,3381,312,6477,065,237167,883,1246,124,3538,362,1786,750,293186,356,0854,615,4364,803,1104,690,5696,210,437156,8523,626,72812,162779,960,103202,204310,009	241
anandbc	91	4,558	517	1	17	4,813;5,433;3,901;23,812;17,555;91;48;334;856;883;264;264;256;56;1,188;	1.2m;1m;642k;5.9m;2.2m;4,558;448;2,192;6,596;42.5k;2,570;2,570;2,419;5,471;23.7k;	985;1,164;5,218;167;814;517;1,967;990;270;502;1,236;1,236;200;56;360;	31	8,362,1816,750,293186,356,1234,615,4404,803,1124,690,5746,210,438156,8513,626,73212,162779,960,692202,204310,0098,780,7836,750,293	571
anandbc	91	4,558	517	1	11	4,813;5,433;3,901;23,812;17,555;36;2,568;299;99;85;30;	1.2m;1m;642k;5.9m;2.2m;272;339k;732;13.9k;84;1,092;	985;1,164;5,218;167;814;1,290;296;231;4,865;408;378;	31	17,766,72620,836,5054,675,653874,47322,502,5362,250,7246,453,22819,878,3215,952,587523,58059,439,89813,349,3651,312,6457,065,238167,883,2696,124,3568,362,1876,750,298186,356,1444,615,4404,803,1174,690,5756,210,439156,8513,626,738	570
maurice	1,466	154k	510	1	6	70;47;45;332;332;1,466;	553;434;1,053;390;390;154k;	580;542;344;722;722;510;	1	6,046,406	3,052
maurice	1,466	154k	510	1	2	0;113;	289;18.4k;	216;32;	1	6,046,407	2,574
maurice	1,466	154k	510	1	8	1,282;1,711;976;3;747;944;117;531;	52.5k;91.5k;55.4k;27;22.8k;2,000;226;857;	1,112;215;334;89;946;446;382;723;	1	6,046,407	2,261
maurice	1,466	154k	510	1	2	845;531;	1,045;1,015;	296;605;	1	6,046,413	2,176
maurice	1,466	154k	510	1	9	1,466;135;114;1,466;135;78;1,508;628;100;	154k;138;95;154k;138;589;347;51.6k;842;	510;126;108;510;126;542;736;619;447;	1	6,046,412	2,842
maurice	1,466	154k	510	1	3	637;1,466;86;	741;154k;1,023;	1,360;510;1,073;	1	6,046,416	5,152
maurice	1,466	154k	510	1	2	1,131;840;	20.8k;5,546;	656;309;	1	6,046,417	3,163
maurice	1,466	154k	510	1	16	2,396;307;1,342;1,270;131;537;0;1,637;1,050;2,076;725;1,466;725;1,466;725;1,466;	37.2k;770;10.3k;124k;54;844;460;2,444;35.3k;1,802;151k;154k;151k;154k;151k;154k;	575;968;1,916;249;116;615;447;890;885;1,125;368;510;368;510;368;510;	1	6,046,419	4,203
maurice	1,466	154k	510	1	7	1,126;1,936;158;972;220;725;55;	1,005;143k;841;1,067;1,078;151k;17;	1,504;1,407;473;410;180;368;38;	1	6,046,424	3,245
maurice	1,466	154k	510	1	5	1,551;1,261;448;856;329;	89.4k;43k;1,449;9,427;160k;	286;453;874;599;676;	1	6,046,424	2,328
maurice	1,466	154k	510	1	4	124;1,466;467;	1,193;154k;280;	954;510;288;	1	6,046,425	4,484
maurice	1,466	154k	510	1	8	972;220;160;1,396;415;725;523;1,466;	1,067;1,078;21.9k;88.2k;709;151k;845;154k;	410;180;249;410;332;368;649;510;	1	6,046,424	2,482
maurice	1,466	154k	510	1	7	669;1,711;160;416;197;1,261;927;	1,965;91.5k;21.9k;1,157;26.1k;43k;48.5k;	168;215;249;7,463;3,324;453;997;	1	6,046,426	3,139
maurice	1,466	154k	510	1	10	1,466;963;463;28;1,466;537;368;5;48;385;	154k;375;95;296;154k;121;526;105;150;170;	510;743;428;414;510;164;1,121;125;400;160;	1	6,046,427	4,199
maurice	1,466	154k	510	1	9	938;1,419;1,709;56;3,632;1,282;1,711;4,987;2,006;	1,354;70.9k;119k;283;619k;52.5k;91.5k;687k;2,542;	367;217;326;353;1,148;1,112;215;1,111;920;	1	6,046,434	3,613
maurice	1,466	154k	510	1	6	54;912;1,400;523;409;1,466;	26;11.8k;1,705;845;284;154k;	110;6,364;517;649;756;510;	1	6,046,435	2,865
maurice	1,466	154k	510	1	0				1	6,046,437	1,979
maurice	1,466	154k	510	1	2	160;1,466;	21.9k;154k;	249;510;	1	6,046,436	2,051
maurice	1,466	154k	510	1	6	5,116;266;160;1,466;495;73;	5,411;745;21.9k;154k;442;280;	2,754;918;249;510;272;265;	1	6,046,435	2,465
maurice	1,466	154k	510	1	7	628;668;79;160;0;2;1,466;	51.6k;1,965;630;21.9k;12;1,087;154k;	619;168;316;249;11;507;510;	1	6,046,434	2,594
maurice	1,466	154k	510	1	4	1,077;170;5;1,466;	2,267;160;2;154k;	844;275;8;510;	1	6,046,438	2,883
maurice	1,466	154k	510	1	1	448;	1,448;	874;	1	6,046,440	2,302
maurice	1,466	154k	510	1	16	2,668;2,154;448;168;380;883;2,156;416;990;1,466;1,551;139;174;1,691;21;	5,857;3,913;1,448;785;121;198k;22.8k;1,157;60.5k;154k;89.4k;1,899;220;23.3k;2,221;	199;404;874;972;71;705;691;7,463;355;510;286;533;283;505;322;	1	6,046,439	2,338
maurice	1,466	154k	510	1	0				1	6,046,447	2,903
maurice	1,466	154k	510	1	5	628;2,233;1,466;628;263;	51.6k;1.9m;154k;51.6k;2,721;	619;595;510;619;256;	1	6,046,446	2,167
maurice	1,466	154k	510	1	8	918;448;3,632;278;1,262;2,156;1,466;	125k;1,448;619k;782;27.9k;22.8k;154k;	702;874;1,148;726;325;691;510;	1	6,046,448	2,038
maurice	1,466	154k	510	1	9	864;976;668;448;725;1,466;1,466;1,054;	764;55.4k;1,965;1,448;151k;154k;154k;61.1k;	707;334;168;874;368;510;510;215;	1	6,046,452	2,230
leyuwera1	899	67.8k	211	1	5	559;559;119;125;412;	609;609;798;3,949;16.2k;	1,392;1,392;272;955;644;	3	438,382535,275	608
leyuwera1	899	67.8k	211	1	2	202;1,952;	9,217;1,410;	3,556;855;	7	514,374,612250,042,182300,623,97512,327,505225,360205,840535,275	511
leyuwera1	899	67.8k	211	1	0				1	535,277	459
leyuwera1	899	67.8k	211	1	0				6	2,241203,091,283250,042,316205,8402,241535,278	392
leyuwera1	899	67.8k	211	0	1	35;	71;	384;	11	2,605,835250,042,388833,19663,715,592203,091,362438,3839,5321,698205,841535,278	730
leyuwera1	899	67.8k	211	1	2	899;48;	67.8k;492;	211;553;	11	2,605,836250,042,528833,19663,715,620203,091,457438,3839,5321,698205,840535,278	648
leyuwera1	899	67.8k	211	1	1	965;	65k;	2,589;	13	203,091,505514,375,164215,526535,279	538
leyuwera1	899	67.8k	211	1	0				10	2,605,838250,042,755833,19663,715,673203,091,5541,698438,3839,532205,841535,280	342
leyuwera1	899	67.8k	211	0	0				12	2,605,838	14
leyuwera1	899	67.8k	211	1	0				12		334
leyuwera1	899	67.8k	211	1	0				12		189
leyuwera1	899	67.8k	211	1	0				13	250,043,055833,197379,10563,715,729203,091,719438,3839,5321,698205,841535,282	255
leyuwera1	899	67.8k	211	1	0				9	2,605,838250,043,223833,199379,10563,715,759438,383205,843535,282	486
leyuwera1	899	67.8k	211	1	0				8	2,605,838250,043,346833,19963,715,780	668
leyuwera1	899	67.8k	211	1	0				7		393
leyuwera1	899	67.8k	211	1	0				1		236
leyuwera1	899	67.8k	211	1	0				8	15,844,475321,031,53924,014,441250,043,4932,241203,091,893205,844535,283	276
leyuwera1	899	67.8k	211	1	2	899;1,001;	67.8k;980;	211;827;	7	15,844,476250,043,5582,605,8382,241833,200205,844535,283	591
leyuwera1	899	67.8k	211	1	0				5		197
leyuwera1	899	67.8k	211	1	13	528;12;11;528;18;18;3;15;15;16;15;2;	147;501;617;147;198;198;578;1,203;1,203;6,628;1,203;135;	217;209;433;217;1,086;1,086;423;361;361;923;361;91;	8		818
leyuwera1	899	67.8k	211	1	0				7	15,844,486250,043,8262,605,8392,24156,326833,201535,283	340
leyuwera1	899	67.8k	211	0	1	354;	49;	173;	6	15,844,489250,043,9412,243,474329,368975535,283	328
leyuwera1	899	67.8k	211	0	1	138;	3,736;	922;	5	250,044,0158,149,4897,486205,844535,283	471
leyuwera1	899	67.8k	211	1	0				5	250,044,0908,149,4917,486205,844535,283	209
leyuwera1	899	67.8k	211	1	0				8	15,844,501	166
leyuwera1	899	67.8k	211	1	0				10	15,844,502194,984,026250,044,2231726,538,77715,6142,241205,844535,285	180
leyuwera1	899	67.8k	211	1	0				10	250,044,3272,605,84149203,092,294833,201	298
donaldmiralle	3,213	28.5k	1,080	1	11	4,853;3,213;43;997;303;1,912;146;73;227;18;1,025;	110k;28.5k;1,230;29.4k;19.4k;1,177;580;98;955;286;897;	2,981;1,080;1,127;133;1,535;2,061;739;63;2,182;372;793;	20		620
donaldmiralle	3,213	28.5k	1,080	1	7	631;8,776;1,066;1,507;14,719;106;422;	20.1m;8.3m;108k;116k;9.8m;79.3k;294;	514;294;376;186;394;4,244;360;	1	32,703	494
donaldmiralle	3,213	28.5k	1,080	0	0				9	9,696,8622,564,58335,749,56214,619,7998,909,79388,907,01050,1881951,029,300	377
donaldmiralle	3,213	28.5k	1,080	1	6	1,493;241;26;2;27;1,493;	379;182;40;69;172;379;	402;81;17;34;326;402;	12	16,243,33415,925,47931,739,77212,411,9069,482,427264,086,9481,317,681,235692,23181,149,41337,492,95037,492,9504,064,166	334
donaldmiralle	3,213	28.5k	1,080	1	9	848;76;1,240;294;158;2,823;35;166;516;	1,033;237;4,014;74;2,085;376;103;174;493;	622;365;2,304;185;692;920;92;249;951;	18	54,333,75517,815,0421,523,28645,887,77040,023,14015,807,270321,032,64412,244,13214,801,513915,042173,553,60784,845,03946,484,768779,970,05050,301,90719,154,672560,48491,464	842
donaldmiralle	3,213	28.5k	1,080	1	20	33;113;98;2,442;192;3,213;3,213;3,213;33;3,213;680;16;74;902;291;371;947;397;733;3,213;	713;126;361;104k;254;28.5k;28.5k;28.5k;713;28.5k;683;148;1,398;437;260;247;205;11.9k;1,307;28.5k;	663;140;950;727;283;1,080;1,080;1,080;663;1,080;2,016;209;484;609;767;1,249;273;1,107;399;1,080;	14	95,04039,745592,3714,383,55963,716,03711,687,00557,490,41117,671,41612,577,56419,154,6744,383,561779,970,511106,410,47113,804,179	854
donaldmiralle	3,213	28.5k	1,080	1	3	11,061;604;17;	1.2m;9,659;5,033;	284;351;4,226;	18	12,577,564176,29814,715,76243,28436,000,23162,694921,61814,715,76457,490,40130,133,1676,528,46420,869,6451,029,300530,174,610779,971,05743,593,3756,388,630290,202	471
donaldmiralle	3,213	28.5k	1,080	1	4	378;70;71;3,213;	644;640;1,080;28.5k;	922;473;130;1,080;	15	331,861321,033,26912,342,9674,847,66270,663,6837,782,11714,971530,174,79041,582,95114,695,567286,170,662779,971,45243,593,387224,696,65716,021,156	534
donaldmiralle	3,213	28.5k	1,080	0	7	199;150;3,213;3,640;49;371;268;	888;3,161;28.5k;33.6k;246;247;104k;	3,477;1,481;1,080;902;394;1,249;76;	21	532,289930,6282,822,1102,481,58985,907,94213,084,37011,040,3927,659,5691,124,68021,208,88821,208,8882,43515,567,707295,746,4888,687,230911,597	664
donaldmiralle	3,213	28.5k	1,080	1	3	71;101;101;	307k;144;144;	46;127;127;	19	9,697,42087735,750,5119,697,4346,318,1187,782,12462,234,2977,659,5711,124,680	481
donaldmiralle	3,213	28.5k	1,080	1	17	2,309;1,157;1,422;927;1,191;5,021;3,604;359;2,158;3,589;3,213;441;0;608;114;1,315;467;	404k;601k;185k;11.3k;78.3k;12.8m;2.5m;2,695;1,801;6,008;28.5k;198;227;724;5,672;74.7k;44;	1,128;33;7;736;1,026;6;190;1,437;1,729;370;1,080;290;402;342;321;447;752;	18	321,033,8504,847,67670,663,819286,171,179331,861779,972,58011,380,71011,707,7068,290,336237,350,62684,845,19919,785,39447,688,84846,484,93345,547,8537,782,125109,966	681
donaldmiralle	3,213	28.5k	1,080	1	14	236;0;2,309;4,853;780;506;654;812;1,516;848;1,493;730;484;79;	76.5k;40;404k;110k;6,660;605;486;691;196;1,033;379;13.8k;688;96;	284;40;1,128;2,981;1,520;795;403;696;366;622;402;336;698;140;	17	213,1815,747,6997,782,125301,1258,467,6241,222,1788,909,84826,211,29732,870,9492,950,586321,034,22549,084,74611,380,72290,881,9902,693,275286,171,539	675
donaldmiralle	3,213	28.5k	1,080	1	9	1,143;2,085;848;256;921;1,138;225;719;796;	85k;449;1,033;1,271;1,036;197;1,848;882;543;	511;386;622;1,001;950;353;964;1,504;434;	18	7,782,12711,707,7298,290,351286,171,652321,034,3933,310,4183057,490,38230,133,16370,663,9674,847,693779,973,82116,021,1983,794,301471,37155,785,58099,9853,060	705
donaldmiralle	3,213	28.5k	1,080	1	4	1,493;1,493;130;130;	379;379;1,488;1,488;	402;402;812;812;	5	143,571,370100,023,482264,087,849295,746,976	318
donaldmiralle	3,213	28.5k	1,080	1	12	4,853;10,320;192;6,277;3,213;3,213;997;88;384;305;356;3,213;	110k;1m;50.2k;5,453;28.5k;28.5k;29.4k;377;7,179;479;420;28.5k;	2,981;620;1,643;1,686;1,080;1,080;133;993;768;468;556;1,080;	18	614,4598,3594,589,122668,42010,653,486825,3776,528,469530,176,49888,907,23842,647,47413,445,85320,729,09132,68060,054,43514,883,913614,459866,402685,006	712
donaldmiralle	3,213	28.5k	1,080	1	4	608;2,434;4,853;6,092;	687k;99.1k;110k;12.8k;	151;670;2,981;1,980;	13	9,357,931194,985,3949,357,9316,498,592401,22926,538,878796,230530,176,86381,149,53632,014,33116,459,64950,302,24513,345,096	337
donaldmiralle	3,213	28.5k	1,080	1	6	2,434;4,853;358;719;63;752;	99.1k;110k;2,547;882;1,590;1,267;	670;2,981;970;1,504;1,116;733;	8	530,176,989779,975,34243,017,1935,351,6635,883,8289,357,9328,404,28850,191	420
donaldmiralle	3,213	28.5k	1,080	1	1	154;	108m;	0;	9	1,39186,736,647530,177,16813,683,38116,459,6563,812,869782,2929,357,932796,230	299
donaldmiralle	3,213	28.5k	1,080	1	0				14	423,723,64341,582,96488,907,2932,693,2871,648,063896,735321,035,39738,067,31323,818,91260,143,708	294
donaldmiralle	3,213	28.5k	1,080	0	0				10		344
bradmbaldwin	1,421	10.4k	223	0	0				2	7,779,135609,643	355
bradmbaldwin	1,421	10.4k	223	1	0				2	7,779,134609,643	303
bradmbaldwin	1,421	10.4k	223	1	0				2	7,779,135609,644	400
bradmbaldwin	1,421	10.4k	223	1	0				2	7,779,137609,644	679
bradmbaldwin	1,421	10.4k	223	1	1	328;	9,982;	483;	2	7,779,138609,644	307
bradmbaldwin	1,421	10.4k	223	1	0				2	7,779,138609,644	574
bradmbaldwin	1,421	10.4k	223	1	5	328;20;1,421;328;1,421;	9,982;105;10.4k;9,982;10.4k;	483;147;223;483;223;	2	7,779,140609,644	363
bradmbaldwin	1,421	10.4k	223	1	4	1,131;331;281;1,421;	20.8k;1,234;499;10.4k;	656;581;1,001;223;	1	429,164	317
bradmbaldwin	1,421	10.4k	223	1	0				3	423,723,7377,779,145609,644	519
bradmbaldwin	1,421	10.4k	223	1	2	1,131;1,489;	20.8k;7,444;	656;1,522;	2	7,779,146609,644	321
bradmbaldwin	1,421	10.4k	223	1	0				2	7,779,148609,644	324
bradmbaldwin	1,421	10.4k	223	1	0				2	7,779,151609,644	360
bradmbaldwin	1,421	10.4k	223	0	0				2	7,779,152609,644	416
bradmbaldwin	1,421	10.4k	223	1	0				2	7,779,154609,644	595
bradmbaldwin	1,421	10.4k	223	1	0				1	3,580,386	422
bradmbaldwin	1,421	10.4k	223	0	0				2	7,779,157609,644	458
bradmbaldwin	1,421	10.4k	223	1	1	530;	20.1k;	470;	0		436
bradmbaldwin	1,421	10.4k	223	1	0				1	6,950,961	415
bradmbaldwin	1,421	10.4k	223	1	2	1,131;	20.8k;	656;	1	3,580,387	434
bradmbaldwin	1,421	10.4k	223	1	0				1	3,580,388	435
bradmbaldwin	1,421	10.4k	223	1	0				1	3,580,388	308
bradmbaldwin	1,421	10.4k	223	1	0				0		363
bradmbaldwin	1,421	10.4k	223	0	3	437;1,421;437;	10.6k;10.4k;10.6k;	568;223;568;	1	6,950,962	431
bradmbaldwin	1,421	10.4k	223	0	0				2	7,779,159609,644	447
bradmbaldwin	1,421	10.4k	223	1	0				2	7,779,160609,644	335
bradmbaldwin	1,421	10.4k	223	0	0				1	6,950,962	526
bradmbaldwin	1,421	10.4k	223	1	0				2	423,723,8033,580,390	547
best_iceland_photos	136	11.2k	1,053	1	5	136;541;4;94;396;	11.2k;2,144;92;70;690;	1,053;381;78;79;603;	27	8,066,0432,11445,28377,3177,484958557364,820218,267178,2751,545,25369415,079,894397,116,7594,498,5044,008,685282,0702,447,46128,73020,15968,9194,163844,6363,1692,298,45728,1512,066,011	840
best_iceland_photos	136	11.2k	1,053	1	2	136;83;	11.2k;625;	1,053;2,188;	27	8,066,0462,11445,28377,3187,4849574,163844,6363,1692,298,45728,1512,066,011	609
best_iceland_photos	136	11.2k	1,053	1	2	136;220;	11.2k;104k;	1,053;876;	27	8,066,0552,11445,28377,3187,484958557364,823218,267178,2751,545,25669415,079,923397,117,1704,498,512	1,352
best_iceland_photos	136	11.2k	1,053	1	5	136;1,455;112;92;65;	11.2k;16.5k;471;669;517;	1,053;3,362;2,121;599;530;	27	45,28377,3187,484957557364,823218,267178,2751,545,25669415,079,938397,117,3474,498,5214,008,695282,0702,447,47428,73020,15968,919	1,150
best_iceland_photos	136	11.2k	1,053	1	7	136;282;426;214;396;182;567;	11.2k;14.4k;1,256;648;1,355;1,356;1,471;	1,053;398;1,051;613;1,286;1,279;878;	27	4,008,697282,0702,447,47628,73020,15968,9194,163844,6363,1692,298,45928,1512,066,014	944
best_iceland_photos	136	11.2k	1,053	1	2	136;145;	11.2k;6,410;	1,053;1,148;	27	8,066,0702,11445,28377,3187,484957557364,823218,267844,6393,1692,298,46028,1512,066,014	554
best_iceland_photos	136	11.2k	1,053	1	2	136;59;	11.2k;1,900;	1,053;351;	27	8,066,0722,11445,28377,3187,484957557364,823218,267178,2751,545,25669415,079,972397,117,781	965
best_iceland_photos	136	11.2k	1,053	1	5	136;145;74;157;7;	11.2k;6,410;600;379;7;	1,053;1,148;440;285;275;	27	1,545,25769415,079,978397,117,8984,498,5434,008,709282,0702,447,48328,73020,15868,9194,163844,6403,1692,298,46228,1512,066,018	1,159
best_iceland_photos	136	11.2k	1,053	1	5	136;1,455;103;118;578;	11.2k;16.5k;664;116;490;	1,053;3,362;640;247;491;	27	8,066,0802,11445,28377,3184,498,5504,008,714282,0702,447,47428,73020,15968,9194,163844,6403,1692,298,46528,1512,066,017	837
best_iceland_photos	136	11.2k	1,053	1	10	136;130;297;149;672;1,004;44;274;242;6;	11.2k;5,165;793;404;408;107;482;333;613;126;	1,053;776;614;1,164;420;428;513;207;493;140;	27	8,066,0832,11445,28377,3187,484957	1,688
best_iceland_photos	136	11.2k	1,053	1	8	136;1,259;74;284;260;496;6;2,840;	11.2k;5,225;179;1,066;708;514;95;843;	1,053;1,004;256;1,224;1,085;680;110;928;	27	8,066,0742,11445,28377,3187,484957557364,825218,267178,2751,545,26269415,080,011397,118,5694,498,5654,008,727282,0702,447,47628,73020,15968,919	990
best_iceland_photos	136	11.2k	1,053	1	4	136;152;11,939;419;	11.2k;1,709;8,115;309;	1,053;1,165;988;161;	27	8,066,0752,11445,28377,3187,484958557364,825218,268178,2751,545,26269415,080,029397,118,7894,498,5744,008,731282,0702,447,47828,730	873
best_iceland_photos	136	11.2k	1,053	1	3	136;221;419;	11.2k;2,533;309;	1,053;871;162;	27	45,28377,3197,484958557364,827218,268178,2761,545,26369415,080,057397,118,9894,498,5804,008,737282,0712,447,48428,73120,15968,9194,163844,642	767
best_iceland_photos	136	11.2k	1,053	1	17	136;353;48;106;75;41;2,423;6;477;839;358;462;379;107;49;9;261;	11.2k;1,576;2,596;1,414;701;551;300;112;330;465;558;320;322;380;31.5k;113;578;	1,053;1,425;1,250;1,075;902;484;1,020;24;419;1,640;778;400;650;599;512;705;821;	27	15,080,071397,119,1464,498,5824,008,738282,0712,447,48828,73120,15968,9194,163844,6443,1692,298,47028,1502,066,024	1,235
best_iceland_photos	136	11.2k	1,053	1	5	136;479;312;313;36;	11.2k;608;1,010;1,110;90;	1,053;802;390;1,007;295;	27	8,066,0902,11445,28377,3197,484957557364,829218,268178,2771,545,26569415,080,095397,119,4044,498,5984,008,751282,0712,447,48828,73120,15868,9204,163844,6443,1692,298,469	1,081
best_iceland_photos	136	11.2k	1,053	1	2	136;1,455;	11.2k;16.5k;	1,053;3,362;	27	178,2771,545,26769415,080,104397,119,6254,498,6064,008,758282,0712,447,49028,73120,15968,9204,163844,6443,1692,298,47128,1512,066,026	996
best_iceland_photos	136	11.2k	1,053	1	6	136;556;173;277;7;244;	11.2k;106k;64;624;303;600;	1,053;1,245;102;267;197;241;	27	8,066,102	1,305
best_iceland_photos	136	11.2k	1,053	1	4	136;733;547;671;	11.2k;208k;4,045;757;	1,053;306;901;1,726;	27	8,066,0972,11445,28477,3197,484957557364,831218,268178,2771,545,26669415,080,124397,120,0214,498,6164,008,755282,0712,447,49728,73120,15868,920	2,783
best_iceland_photos	136	11.2k	1,053	1	4	136;791;32;221;	11.2k;217k;307;380;	1,053;267;320;369;	27	8,066,0942,11445,28577,3197,484957557364,831218,268178,2781,545,26669415,080,131397,120,2884,498,6194,008,754282,0732,447,49928,731	1,122
best_iceland_photos	136	11.2k	1,053	1	2	136;2,277;	11.2k;46.1k;	1,053;781;	27	2,447,50628,73120,15968,9204,163844,6463,1692,298,47428,1502,066,029	751
best_iceland_photos	136	11.2k	1,053	1	4	136;454;2,284;15;	11.2k;30.9k;395;255;	1,053;372;207;928;	27	8,066,0882,11445,28577,3197,484957557364,831218,268178,2781,545,271	1,595
best_iceland_photos	136	11.2k	1,053	1	3	136;1,033;601;	11.2k;528k;18.3k;	1,053;411;1,137;	27	8,066,0922,11445,28477,3197,484957557364,831218,268178,2781,545,27069415,080,167397,120,8344,498,6354,008,767282,0732,447,51028,731	1,134
best_iceland_photos	136	11.2k	1,053	1	9	136;529;372;385;139;109;0;573;149;	11.2k;5,413;1,024;275;485;187;77;391;172;	1,053;3,531;1,593;631;435;461;5;650;116;	27	1,545,27369415,080,185397,120,9894,498,6424,008,772282,0732,447,51128,73120,16068,9204,163844,6483,1692,298,47528,1512,066,030	1,635
best_iceland_photos	136	11.2k	1,053	1	2	136;517;	11.2k;142k;	1,053;155;	27	8,066,1012,11445,28577,319218,268178,2781,545,27369415,080,202397,121,2424,498,6524,008,776282,0732,447,51528,73120,15968,9204,164844,6493,1692,298,47528,1512,066,033	802
best_iceland_photos	136	11.2k	1,053	1	2	136;703;	11.2k;65.1k;	1,053;458;	27		680
best_iceland_photos	136	11.2k	1,053	1	3	136;517;33;	11.2k;142k;202;	1,053;155;249;	27	8,066,1082,11445,28477,3197,484957557364,834218,268178,2791,545,27769415,080,232397,121,5234,498,6584,008,779282,0742,447,52128,73120,15968,922	749
best_iceland_photos	136	11.2k	1,053	1	2	136;454;	11.2k;30.9k;	1,053;372;	27	364,834218,268178,2791,545,27769415,080,239397,121,6984,498,6604,008,780282,0742,447,52328,73120,16068,9214,164844,6513,1692,298,47628,151	800
andreadabene	1,191	388k	518	0	1	526;	83.4k;	130;	0		4,170
andreadabene	1,191	388k	518	1	1	1,094;	231k;	475;	0		4,607
andreadabene	1,191	388k	518	1	1	107;	319;	295;	0		6,756
andreadabene	1,191	388k	518	0	2	23;117;	0;57;	92;60;	0		4,680
andreadabene	1,191	388k	518	0	3	2,233;9;1,326;	1.9m;149;390;	595;192;80;	0		11,739
andreadabene	1,191	388k	518	0	9	2,233;122;1,017;9;246;35;177;593;38;	1.9m;204;496;280;677;260;91;478;98;	595;496;641;251;682;552;43;211;358;	0		6,066
andreadabene	1,191	388k	518	0	1	2,161;	20.6k;	581;	0		7,444
andreadabene	1,191	388k	518	1	4	121;28;96;264;	616;345;140;2,442;	231;312;339;437;	0		4,743
andreadabene	1,191	388k	518	0	7	2,161;1,801;364;1,191;176;432;295;	20.6k;429;92;388k;103;1,497;782;	581;813;88;518;56;476;1,530;	0		12,106
andreadabene	1,191	388k	518	0	3	306;5;11;	535;586;660;	263;397;787;	0		7,358
andreadabene	1,191	388k	518	0	8	275;275;1,202;188;195;275;734;977;	197;197;373;289;9,820;197;494;4,020;	539;539;609;530;1,333;539;500;171;	0		7,983
andreadabene	1,191	388k	518	0	1	67;	34;	34;	0		7,656
andreadabene	1,191	388k	518	0	0				0		5,151
andreadabene	1,191	388k	518	0	5	1,226;1,226;990;2,910;1,191;	144k;144k;75.5k;5,080;388k;	476;476;792;723;518;	0		5,571
andreadabene	1,191	388k	518	0	1	6,625;	157;	276;	0		5,351
andreadabene	1,191	388k	518	0	4	0;142;42;1,191;	279;1,233;758;388k;	0;908;2,854;518;	0		9,920
andreadabene	1,191	388k	518	0	2	990;990;	75.5k;75.5k;	792;792;	0		7,577
andreadabene	1,191	388k	518	1	5	0;0;0;10;16;	42;25;42;75;590;	42;3;42;156;586;	0		7,562
andreadabene	1,191	388k	518	0	1	184;	548;	516;	0		5,185
andreadabene	1,191	388k	518	0	4	1,191;39;1,288;17;	388k;736;858;827;	518;641;781;570;	0		12,793
andreadabene	1,191	388k	518	0	0				0		9,921
andreadabene	1,191	388k	518	1	4	1,191;990;2,910;1,326;	388k;75.5k;5,080;390;	518;792;723;80;	0		6,936
andreadabene	1,191	388k	518	0	1	57;	152k;	888;	0		6,637
travelawesome	1,140	1.9m	44	1	4	223;467;1,140;6;	147k;849;1.9m;256;	406;949;44;254;	0		14,618
travelawesome	1,140	1.9m	44	1	11	107;46;43;836;103;10;1,140;336;16;33;18;	11.6k;94;368;2,449;5,196;261;1.9m;838;1,388;2,859;204;	7,506;604;268;1,308;1,309;129;44;823;615;2,504;173;	1	5,823,270	48,733
travelawesome	1,140	1.9m	44	0	4	184;466;614;43;	22.9k;794;814;244;	2,357;973;594;193;	1	5,823,274	49,303
travelawesome	1,140	1.9m	44	1	15	469;352;31;428;22;11;269;15;75;142;15;142;387;50;15;	25.7k;1,324;215;805;839;808;472;169;195;329;169;329;1,072;785;110;	327;720;347;547;464;1,010;189;127;403;137;127;137;675;628;126;	1	5,823,276	34,117
travelawesome	1,140	1.9m	44	1	10	791;47;37;0;93;0;30;16;43;6;	217k;292;510;47;303;47;217;455;368;88;	267;417;490;60;472;60;326;453;268;110;	1	5,823,283	61,570
travelawesome	1,140	1.9m	44	1	3	1,188;24;1,140;	20.1k;2,126;1.9m;	1,028;317;44;	0		27,932
travelawesome	1,140	1.9m	44	1	4	805;800;34;42;	70.2k;605;824;120;	397;534;823;386;	1	5,823,287	29,433
travelawesome	1,140	1.9m	44	1	21	719;97;278;113;47;201;53;217;132;217;132;26;17;204;148;27;96;836;135;67;18;	337k;1,271;783;485;326;137;2,445;292;312;292;312;44;1,378;1,347;1,028;561;2,419;2,449;794;1,059;204;	349;949;1,302;845;270;143;637;323;503;323;503;98;356;984;1,034;1,422;546;1,308;847;942;173;	1	5,823,291	40,310
travelawesome	1,140	1.9m	44	1	19	212;165;54;81;42;88;253;88;30;13;30;97;102;0;37;24;321;71;80;	14.8k;255;342;1,610;1,602;214;266;214;148;863;148;434;1,195;60;1.5m;72.9k;27.1k;131k;921;	345;281;377;962;398;215;476;215;325;219;325;449;803;89;0;2;16;36;353;	0		42,087
travelawesome	1,140	1.9m	44	1	10	476;2;40;800;3;339;16;6;0;68;	40.5k;376;703;605;59;85.2k;102;76;112;570;	627;348;500;534;68;999;154;66;99;2,286;	1	5,823,301	40,503
travelawesome	1,140	1.9m	44	1	21	655;439;191;96;66;66;179;31;91;31;1,124;789;440;126;23;47;5;6;191;6;154;	2.8m;706;2,123;1,844;195;351;366;203;791;203;2,057;56.5k;625;749;439;292;756;110;2,620;110;384;	213;568;97;924;426;1,065;511;236;305;236;680;621;688;753;493;417;228;2,216;505;2,216;385;	0		43,593
travelawesome	1,140	1.9m	44	1	20	719;170;329;22;11;22;278;2;54;12;54;589;90;51;45;32;60;15;4;18;	337k;1,407;208;4,884;570;4,884;783;709;1,622;3,748;1,622;862;1,840;529;154;873;2,172;121;515;204;	349;354;252;673;87;673;1,302;700;351;1,802;351;785;942;525;97;581;996;186;923;173;	1	5,823,307	64,605
travelawesome	1,140	1.9m	44	1	21	327;162;67;634;492;264;20;28;119;50;5;15;0;23;96;164;96;2,431;197;43;6;	65.9k;1,199;624;174;221;1,187;104;568;271;328;99;524;170;177;661;1,286;661;737;445;368;88;	1,064;444;318;1,045;459;936;196;68;371;399;237;301;266;520;700;639;700;1,383;440;268;110;	1	5,823,311	45,512
travelawesome	1,140	1.9m	44	1	21	223;264;2;8;45;20;20;140;48;109;279;55;200;18;191;21;45;174;6;237;6;	147k;149k;125;909;269;462;343;827;322;371;658;752;2,449;273;967;596;154;354;399;88;398;	406;602;94;808;280;914;477;1,073;572;395;1,069;443;1,886;539;630;509;97;364;769;238;769;	1	5,823,318	27,843
travelawesome	1,140	1.9m	44	1	25	223;264;223;16;448;219;11;33;30;1,089;111;278;1,330;972;110;630;110;972;90;383;6;191;6;191;6;	147k;149k;754;666;891;306;182;855;312;11.7k;335;16.2k;1,857;2,160;817;1,697;817;2,160;37;1,392;110;2,620;110;2,620;110;	406;602;421;498;383;421;202;902;474;1,036;306;301;824;827;655;611;655;827;53;1,196;2,216;505;2,216;505;2,216;	1	5,823,318	27,477
travelawesome	1,140	1.9m	44	0	9	1,140;263;101;39;176;287;38;96;	1.9m;16.2k;78;87;476;342;6,553;542;	44;629;140;144;390;302;214;649;	1	5,823,321	36,104
travelawesome	1,140	1.9m	44	0	2	264;188;	149k;134;	602;124;	0		30,141
travelawesome	1,140	1.9m	44	1	21	808;36;40;48;46;123;66;73;10;12;493;23;784;187;31;505;24;28;16;5;39;	122k;282;344;1,560;1,759;693;869;4,958;1,091;392;560;172;1,221;788;457;956;2,126;203;475;118;480;	288;726;401;1,108;948;608;451;306;985;382;1,487;232;624;527;440;507;317;328;423;174;435;	0		31,467
travelawesome	1,140	1.9m	44	1	19	2,255;25;6;1,484;9;300;7;74;20;52;20;52;20;2,115;154;2,115;40;216;75;	134k;387;79;1,638;242;141k;75;699;487;1,437;487;1,437;487;151;102;151;276;292;993;	599;463;131;1,519;358;271;296;601;1,768;1,358;1,768;1,358;1,768;401;146;401;306;325;426;	0		42,176
karendoolittle	1,470	67.6k	1,131	1	0				0		178
karendoolittle	1,470	67.6k	1,131	1	6	2,956;64;2,956;1,115;3,306;93;	73.8k;1,902;73.8k;4,279;145k;54;	1,212;48;1,212;2,649;1,738;118;	0		401
karendoolittle	1,470	67.6k	1,131	1	1	215;	506;	516;	0		177
karendoolittle	1,470	67.6k	1,131	0	1	2,791;	47.8k;	3,125;	1		171
karendoolittle	1,470	67.6k	1,131	1	1				0		399
karendoolittle	1,470	67.6k	1,131	1	1	49;	31.5k;	512;	0		163
karendoolittle	1,470	67.6k	1,131	1	4	1,935;3,387;810;61;	64.4k;30.4k;655;950;	684;263;1,749;210;	1	11,591	584
karendoolittle	1,470	67.6k	1,131	0	0				0		1,256
karendoolittle	1,470	67.6k	1,131	1	0				0		135
karendoolittle	1,470	67.6k	1,131	1	0				0		168
karendoolittle	1,470	67.6k	1,131	1	1	2,407;	28.7k;	276;	0		191
karendoolittle	1,470	67.6k	1,131	1	2	84;228;	1,175;40;	423;32;	0		142
karendoolittle	1,470	67.6k	1,131	1	0				0		137
karendoolittle	1,470	67.6k	1,131	0	3	35;712;160;	111;869;264;	13;778;469;	1	3,342,385	135
karendoolittle	1,470	67.6k	1,131	1	0				0		142
karendoolittle	1,470	67.6k	1,131	1	6	78;68;64;855;95;1,040;	2,210;556;290;691;1,256;547;	844;329;716;510;738;542;	0		279
karendoolittle	1,470	67.6k	1,131	1	1	712;	869;	778;	0		277
karendoolittle	1,470	67.6k	1,131	1	4	393;351;414;1,019;	1,213;487;983;6,240;	353;531;5,652;1,620;	0		145
karendoolittle	1,470	67.6k	1,131	0	0				0		262
karendoolittle	1,470	67.6k	1,131	1	5	886;1,470;886;238;198;	30.2k;67.6k;30.2k;1,567;63.3k;	829;1,131;829;350;779;	0		759
karendoolittle	1,470	67.6k	1,131	1	0				0		210
karendoolittle	1,470	67.6k	1,131	1	4	471;320;2,668;564;	533;1,173;103k;22.2k;	1,149;912;725;1,082;	1	30,133,105	338
karendoolittle	1,470	67.6k	1,131	1	1	256;	365;	376;	0		358
karendoolittle	1,470	67.6k	1,131	1	3	385;385;1,470;	3,531;3,531;67.6k;	1,404;1,404;1,131;	0		292
karendoolittle	1,470	67.6k	1,131	1	6	1,216;1,625;2,956;2,141;2,141;2,956;	2,387;74.2k;73.8k;3,053;3,053;73.8k;	792;858;1,212;934;934;1,212;	1	30,133,106	322
karendoolittle	1,470	67.6k	1,131	0	4	5,980;453;1,470;2,249;	13.9k;491;67.6k;67.1k;	3,010;639;1,131;2,444;	0		340
karendoolittle	1,470	67.6k	1,131	1	1	1,299;	69.4k;	1,099;	0		492
slyadnev	569	33.2k	3	0	0				0		833
slyadnev	569	33.2k	3	1	8	544;350;327;5,632;63;569;569;569;	2,172;22.6k;356;1,531;183;33.2k;33.2k;33.2k;	76;162;118;338;302;3;3;3;	0		1,804
slyadnev	569	33.2k	3	1	0				0		372
slyadnev	569	33.2k	3	1	22	569;33;82;569;81;975;33;1,519;33;305;154;33;975;975;33;180;543;569;569;33;543;569;	33.2k;7;47;33.2k;47;598;7;1,470;7;288;892;7;598;598;7;776;717;33.2k;33.2k;7;717;33.2k;	3;33;39;3;39;309;33;779;33;81;870;33;309;309;33;827;1,757;3;3;33;1,757;3;	2	10,381,03650,303,784	804
slyadnev	569	33.2k	3	0	0				4	18,396,014252,20517,21311,132,741	889
slyadnev	569	33.2k	3	1	1	2,265;	1,910;	437;	2	22,174,933369,344	795
slyadnev	569	33.2k	3	0	0				1		392
slyadnev	569	33.2k	3	1	4	1,221;490;401;816;	2,009;2,564;1,776;1,180;	613;156;139;1,005;	0		943
slyadnev	569	33.2k	3	1	6	569;49;1,343;76;1,343;	33.2k;2,616;1,892;10.1k;1,892;	3;431;874;7,314;874;	3		236
slyadnev	569	33.2k	3	0	0				3	22,174,948	710
slyadnev	569	33.2k	3	0	0				4	22,174,95151,638876,067	553
slyadnev	569	33.2k	3	1	4	92;234;37;455;	333;1,197;4,705;40;	984;1,515;143;70;	3	23	585
slyadnev	569	33.2k	3	0	9	1,386;455;2,066;92;816;569;11;92;423;	787;40;60.5k;333;1,180;33.2k;95;333;426;	651;70;373;984;1,005;3;164;984;459;	4	78,987	1,617
slyadnev	569	33.2k	3	1	10	275;360;1,985;1,145;569;303;3,414;455;1,145;569;	2,090;1,592;823;8,352;33.2k;225;323;40;8,352;33.2k;	380;427;854;141;3;307;228;70;141;3;	2		1,296
slyadnev	569	33.2k	3	1	2	925;185;	3,499;463;	5,693;368;	4	15118,372	417
slyadnev	569	33.2k	3	0	5	1,047;161;298;234;696;	36.1k;3,997;1,059;1,197;2,746;	67;4,787;238;1,515;388;	3		846
slyadnev	569	33.2k	3	1	0				5		533
slyadnev	569	33.2k	3	1	3	569;580;569;	33.2k;1,746;33.2k;	3;536;3;	3		534
slyadnev	569	33.2k	3	1	8	557;953;865;569;569;815;917;569;	676;868;785;33.2k;33.2k;1,129;2,227;33.2k;	370;131;919;3;3;429;1,819;3;	5	3,386,5381655022,175,022	949
slyadnev	569	33.2k	3	1	4	240;2,989;0;	561;1,641;20;	295;283;4;	4		411
slyadnev	569	33.2k	3	1	1	121;	4,462;	80;	0		366
slyadnev	569	33.2k	3	1	2	563;569;	2,307;33.2k;	2,066;3;	0		565
slyadnev	569	33.2k	3	0	0				6	336,436	489
jeffreygraetsch	1,139	6,276	649	1	3	183;1,109;1,528;	5,192;14.1k;4,535;	228;810;4,172;	23	423,725,47723,14816,10619,51915,7437,323251,208365,741,645131,966,767	410
jeffreygraetsch	1,139	6,276	649	0	1	183;	5,192;	228;	21		447
jeffreygraetsch	1,139	6,276	649	1	0				0		383
jeffreygraetsch	1,139	6,276	649	1	1	183;	5,192;	228;	25	15,74315,7437,323251,20823,14816,10619,51913,674,554365,741,921131,966,88211,519,1061,102,562300,636,79280,124,8595,510,78245,467,17633,341,29411,947,6492,050,61346,769,5742,011,530	483
jeffreygraetsch	1,139	6,276	649	1	1	183;	5,192;	228;	25	13,674,562365,742,109131,966,96211,519,1111,102,562300,636,95780,124,9065,510,78545,467,21733,341,31411,947,6642,050,61446,769,5872,011,53013,674,111	404
jeffreygraetsch	1,139	6,276	649	1	1	183;	5,192;	228;	27		392
jeffreygraetsch	1,139	6,276	649	1	0				24	8,141365,742,435131,967,101300,637,18080,124,9855,510,78945,467,28333,341,34211,947,6802,050,61646,769,6302,011,53213,674,1181,899,871	498
jeffreygraetsch	1,139	6,276	649	1	0				8	11710,337,6931,672,811132,705,50835,857,053105,4608,120,56458,631,202	415
jeffreygraetsch	1,139	6,276	649	1	0				5	012,753,434132,705,520	632
jeffreygraetsch	1,139	6,276	649	1	4	1,106;3,551;51;3,551;	55.3k;10.6k;474;10.6k;	694;3,417;677;3,417;	18	1,102,563300,637,37980,125,0715,510,79545,467,32533,341,36611,947,6962,050,61646,769,6692,011,53213,674,1251,899,875	547
jeffreygraetsch	1,139	6,276	649	1	1	183;	5,192;	228;	25	15,7437,323251,207	483
jeffreygraetsch	1,139	6,276	649	1	0				25	7,323251,207365,743,00811,519,135131,967,366300,637,61880,125,13945,467,38933,341,40011,947,7142,050,62046,769,7182,011,53313,674,1351,899,877	433
jeffreygraetsch	1,139	6,276	649	1	1	183;	5,192;	228;	24	15,7437,323251,20923,14816,10619,519	401
jeffreygraetsch	1,139	6,276	649	1	3	183;1,528;1,125;	5,192;4,535;3,307;	228;4,172;1,562;	25	15,7437,323251,20923,14816,10619,51913,674,575365,743,377131,967,49411,519,148104,017	393
jeffreygraetsch	1,139	6,276	649	1	0				21		321
jeffreygraetsch	1,139	6,276	649	1	2	183;152;	5,192;3,864;	228;693;	25	19,5198,142131,967,567365,743,60311,519,15713,674,6001,102,566300,638,07880,125,2755,510,82045,467,48433,341,45611,947,74146,769,7832,011,53313,674,1661,899,881	474
jeffreygraetsch	1,139	6,276	649	1	4	291;291;291;291;	1,580;1,580;1,580;1,580;	461;461;461;461;	20	31,230,378251,20915,7437,32313,674,612365,743,783131,967,67911,519,16233,341,47911,947,7532,050,63046,769,8002,011,53313,674,1711,899,882	330
jeffreygraetsch	1,139	6,276	649	1	1	183;	5,192;	228;	22	4,4314,70823,148	375
jeffreygraetsch	1,139	6,276	649	1	2	183;183;	5,192;5,192;	228;228;	27	46,769,8462,011,53413,674,1841,899,886	353
jeffreygraetsch	1,139	6,276	649	1	1	183;	5,192;	228;	24	15,7437,323251,21023,14816,10619,51913,674,631365,744,305131,967,90511,519,1741,102,571300,638,66180,125,4475,510,83445,467,61933,341,512	403
jeffreygraetsch	1,139	6,276	649	1	0				20	5,510,83445,467,63033,341,51711,947,7812,050,64646,769,8902,011,53413,674,2011,899,887	345
jeffreygraetsch	1,139	6,276	649	1	0				24	19,519251,21123,148	540
jeffreygraetsch	1,139	6,276	649	1	0				25		449
jeffreygraetsch	1,139	6,276	649	1	1	128;	1,067;	426;	25	15,7437,323251,21123,14816,10619,51913,674,640365,744,849131,968,10611,519,189104,0171,102,575300,639,08880,125,5625,510,84245,467,69733,341,54611,947,7972,050,65146,769,958	458
jeffreygraetsch	1,139	6,276	649	1	0				25	5,510,84345,467,70933,341,55711,947,8022,050,65146,769,9802,011,53413,674,2201,899,888	422
jeffreygraetsch	1,139	6,276	649	1	1	171;	1,146;	228;	26	15,743100,026,5497,323251,211	666
jeffreygraetsch	1,139	6,276	649	1	0				25	2,011,53613,674,2331,899,893175	431
gardarolafsphotography	968	26k	318	0	7	103;20;44;26;72;267;133;	364;83;155;204;356;104k;482;	476;118;198;307;438;81;335;	2	78,7878,066,244	1,066
gardarolafsphotography	968	26k	318	1	4	100;375;100;375;	1,417;462;1,417;462;	299;775;299;775;	2	8,066,24814,440,331	3,326
gardarolafsphotography	968	26k	318	0	11	1,364;78;197;167;258;196;968;3;0;5;8,010;	185k;204k;761;338;2,164;1,174;26k;46;7;65;188k;	6,347;717;759;450;162;298;318;41;22;66;1,775;	2	8,066,24884,183	1,564
gardarolafsphotography	968	26k	318	1	19	4;112;78;0;78;41;4,074;956;78;78;78;78;78;78;78;23;1,156;28;	342;612;204k;62;204k;297;1,327;485;204k;204k;204k;204k;204k;204k;204k;16;610;135;	418;1,107;717;116;717;363;1,007;233;717;717;717;717;717;717;717;28;425;333;	2	8,066,2481,004,620	1,753
gardarolafsphotography	968	26k	318	0	5	327;129;57;486;206;	1,615;905;152k;153;475;	942;587;888;310;706;	2	8,066,24914,440,349	1,248
gardarolafsphotography	968	26k	318	1	3	787;154;	30.8k;208;	202;180;	3	8,066,24831,51611,470,845	9,260
gardarolafsphotography	968	26k	318	1	1	4;	308;	147;	2	31,5168,066,249	1,572
gardarolafsphotography	968	26k	318	0	4	0;5;30;0;	247;126;279;286;	338;358;388;275;	3	8,066,2492,293,0311,004,620	6,731
gardarolafsphotography	968	26k	318	0	2	1,392;55;	283;323;	499;404;	3	8,066,24998,998,59578,787	3,644
gardarolafsphotography	968	26k	318	1	3	197;39;36;	761;689;168;	759;585;315;	0		1,570
gardarolafsphotography	968	26k	318	1	2	637;1,959;	50.7k;873k;	367;175;	4	8,066,25053,479201,0225,523,819	3,123
gardarolafsphotography	968	26k	318	1	0				3	8,066,252176,93898,998,595	1,362
gardarolafsphotography	968	26k	318	1	0				3	57,490,1758,066,2525,419	1,013
gardarolafsphotography	968	26k	318	1	0				2	8,066,25353,479	1,088
gardarolafsphotography	968	26k	318	1	1	197;	761;	759;	3	53,4808,066,25447,690,249	3,281
gardarolafsphotography	968	26k	318	1	12	96;74;52;968;116;968;210;19;41;11;33;	291;1,081;240;26k;84;26k;759;328;815;1,356;816;	434;1,819;358;318;150;318;794;254;941;142;402;	3	8,066,25633,5881,004,621	3,278
gardarolafsphotography	968	26k	318	1	12	1,364;479;26;455;231;588;40;1;70;181;40;	185k;3,138;682;954;269;1,652;269;640;694;408;269;	6,347;806;557;1,276;604;2,094;290;426;3,715;300;290;	3	8,066,25884,1831,004,621	4,577
gardarolafsphotography	968	26k	318	1	6	174;237;174;162;44;	362;373;168;244;410;	360;549;108;902;335;	3	286,187,96748,225,1028,066,261	3,246
gardarolafsphotography	968	26k	318	1	1	64;	1,075;	814;	3	8,066,2621,004,62131,516	1,780
gardarolafsphotography	968	26k	318	1	2	75;99;	738;280k;	254;6;	3	8,066,26253,4791,004,621	3,078
gardarolafsphotography	968	26k	318	0	0				3	8,066,26553,4791,004,621	1,153
gardarolafsphotography	968	26k	318	1	3				2	8,066,265	1,461
