user	postsNum	followersNum	followingNum	hasLocation	AtUserNum	AtUserPostsNum	AtUserFollowerNum	AtUserFollowingNum	hashTagNum	hashTagPostsNum	likeNum
beautifulsmoothies	791	14.4k	93	0	1				30	1,889,821;157,845;1,570,461;584,968;6,061,338;4,419,376;9,671,996;12,009,761;47,183,749;61,211,203;1,032,075;18,894,616;3,661,780;123,698,470;7,309,043;657,128;4,440,864;46,825,430;15,659,380;61,220,569;1,849,546;324,802;426,116;2,495,921;14,324,920;344,821;4,792,428;893,791;117,001,157;4,863,844;	316
beautifulsmoothies	791	14.4k	93	0	2				30	1,889,821;157,845;1,570,464;584,968;6,061,340;4,419,380;9,672,007;12,009,765;47,183,791;61,211,248;1,032,076;18,894,633;3,661,786;123,698,651;7,309,045;657,128;4,440,864;46,825,469;15,659,397;61,220,614;1,849,546;324,803;426,116;2,495,926;14,324,923;344,821;4,792,435;893,791;117,001,275;4,863,854;	1,054
beautifulsmoothies	791	14.4k	93	0	1				30	1,889,823;157,846;1,570,467;584,969;6,061,339;4,419,396;9,672,017;12,009,774;47,183,824;61,211,302;1,032,079;18,894,650;3,661,790;123,698,779;7,309,045;657,128;4,440,871;46,825,478;15,659,411;61,220,663;1,849,547;324,805;426,116;2,495,930;14,324,931;344,822;4,792,440;893,791;117,001,370;4,863,860;	2,156
beautifulsmoothies	791	14.4k	93	0	2				30	1,889,826;157,846;1,570,474;584,969;6,061,340;4,419,408;9,672,025;12,009,779;47,183,866;61,211,328;1,032,080;18,894,669;3,661,792;123,698,886;7,309,046;657,128;4,440,872;46,825,481;15,659,422;61,220,687;1,849,547;324,806;426,116;2,495,936;14,324,938;344,822;4,792,451;893,794;117,001,457;	798
beautifulsmoothies	791	14.4k	93	0	5				30	1,570,478;584,969;6,061,343;4,419,423;9,672,032;12,009,788;47,183,892;61,211,362;1,032,084;18,894,690;3,661,796;123,699,026;7,309,052;657,128;4,440,874;46,825,500;15,659,429;61,220,721;1,849,547;324,808;2,495,938;14,324,945;344,822;4,792,455;893,794;117,001,500;4,863,875;	925
beautifulsmoothies	791	14.4k	93	0	2				30	1,889,827;157,846;1,570,480;584,969;6,061,339;4,419,433;9,672,036;12,009,794;47,183,935;61,211,415;1,032,085;18,894,717;3,661,799;123,699,187;7,308,995;657,128;4,440,878;46,825,527;15,659,447;61,220,776;1,849,548;324,810;426,116;2,495,941;14,324,958;344,822;4,792,461;893,796;117,001,593;4,863,884;	1,158
beautifulsmoothies	791	14.4k	93	0	2				30	1,889,827;157,846;1,570,485;584,969;6,061,344;4,419,448;9,672,052;12,009,813;47,183,950;61,211,463;1,032,086;18,894,740;3,661,804;123,699,323;7,308,985;657,130;4,440,884;46,825,528;15,659,463;61,220,824;1,849,550;324,814;426,116;2,495,943;14,324,961;344,822;4,792,466;893,797;117,001,691;4,863,890;	1,410
beautifulsmoothies	791	14.4k	93	0	6				30	1,889,828;157,846;1,570,488;584,970;6,061,345;4,419,459;9,672,069;12,009,824;47,183,974;61,211,490;1,032,087;18,894,755;3,661,807;123,699,430;7,308,987;657,130;4,440,886;46,825,570;15,659,479;61,220,872;1,849,551;324,814;426,116;2,495,943;14,324,971;344,823;4,792,469;893,797;117,001,801;4,863,900;	1,044
beautifulsmoothies	791	14.4k	93	0	1				30	1,889,829;157,846;1,570,489;584,970;6,061,348;4,419,481;9,672,075;12,009,833;47,183,990;61,211,526;1,032,087;18,894,781;3,661,812;123,699,600;7,308,992;657,130;4,440,889;46,825,623;15,659,508;61,220,935;1,849,552;324,814;426,116;2,495,948;14,324,972;344,824;4,792,469;893,800;117,001,942;4,863,909;	1,121
beautifulsmoothies	791	14.4k	93	0	1				30	1,889,831;157,846;1,570,491;584,970;6,061,348;4,419,501;9,672,088;12,009,844;47,184,020;61,211,536;1,032,087;18,894,802;3,661,824;123,699,770;7,308,997;657,130;4,440,894;46,825,672;15,659,522;61,220,980;1,849,554;324,819;426,116;2,495,953;14,324,984;	1,509
beautifulsmoothies	791	14.4k	93	0	1				30	1,889,831;157,846;1,570,498;584,972;6,061,349;4,419,515;9,672,100;12,009,851;47,184,051;61,211,554;1,032,087;18,894,813;3,661,830;123,699,895;7,308,999;657,131;4,440,898;46,825,701;15,659,542;61,221,023;1,849,556;324,821;426,116;2,495,954;14,324,984;344,825;4,792,481;893,801;117,002,128;4,863,923;	879
beautifulsmoothies	791	14.4k	93	0	1				30	1,889,831;157,846;1,570,502;584,975;6,061,350;4,419,525;9,672,111;12,009,860;47,184,068;61,211,585;1,032,090;18,894,816;3,661,834;123,700,038;7,309,005;657,131;4,440,897;46,825,741;15,659,552;61,221,067;1,849,557;324,824;426,116;2,495,957;14,324,992;344,825;4,792,486;893,803;117,002,249;4,863,930;	1,151
beautifulsmoothies	791	14.4k	93	0	1				30	1,889,832;157,846;1,570,502;584,975;6,061,350;4,419,534;9,672,122;12,009,872;47,184,121;61,211,620;1,032,092;18,894,829;3,661,841;123,700,184;7,309,012;657,132;4,440,899;46,825,796;15,659,564;61,221,117;1,849,560;324,826;426,116;2,495,958;14,325,003;344,825;4,792,497;893,807;117,002,358;4,863,937;	1,730
beautifulsmoothies	791	14.4k	93	0	1				30	1,889,835;157,846;1,570,503;584,975;6,061,352;4,419,549;9,672,127;12,009,881;47,184,135;61,211,665;1,032,092;18,894,841;3,661,846;123,700,312;7,309,015;657,133;4,440,901;46,825,827;15,659,587;61,221,160;1,849,561;324,827;426,117;2,495,959;	1,226
beautifulsmoothies	791	14.4k	93	0	4				30	6,061,351;4,419,555;9,672,132;12,009,888;47,184,159;61,211,687;1,032,093;18,894,850;3,661,851;123,700,395;7,309,017;657,134;4,440,901;46,825,862;15,659,605;61,221,210;1,849,562;324,829;426,117;2,495,956;14,325,015;344,825;4,792,507;893,811;117,002,533;4,863,948;	711
beautifulsmoothies	791	14.4k	93	0	0				30	1,889,837;157,846;1,570,510;584,976;6,061,354;4,419,567;9,672,149;12,009,903;47,184,182;61,211,723;1,032,093;18,894,863;3,661,857;123,700,548;7,309,021;657,137;4,440,908;46,825,908;15,659,621;61,221,264;1,849,564;324,831;426,117;2,495,958;14,325,021;344,825;4,792,515;893,813;117,002,664;4,863,955;	733
beautifulsmoothies	791	14.4k	93	0	3				30	1,889,837;157,846;1,570,517;584,975;6,061,356;4,419,581;9,672,161;12,009,917;47,184,227;61,211,748;1,032,096;18,894,882;3,661,860;123,700,716;7,309,029;657,137;4,440,909;46,825,972;15,659,640;61,221,322;1,849,567;324,834;426,117;117,002,784;4,863,960;	1,499
beautifulsmoothies	791	14.4k	93	0	1				30	1,889,842;157,847;1,570,520;584,975;6,061,360;4,419,597;9,672,174;12,009,923;47,184,266;61,211,750;1,032,099;18,894,902;3,661,861;123,700,858;7,309,036;657,140;4,440,913;46,826,008;15,659,667;61,221,367;1,849,570;324,834;426,117;2,495,957;14,325,034;344,825;4,792,531;893,818;117,002,902;4,863,966;	1,063
beautifulsmoothies	791	14.4k	93	0	1				30	1,889,843;157,848;1,570,523;584,975;6,061,364;4,419,609;9,672,181;12,009,927;61,211,761;1,032,104;18,894,916;3,661,864;123,700,993;7,309,045;657,141;4,440,916;46,826,030;15,659,681;61,221,411;1,849,570;324,839;426,118;2,495,959;14,325,050;344,827;4,792,543;893,822;117,002,994;	1,420
beautifulsmoothies	791	14.4k	93	0	3				30	1,889,844;157,848;1,570,530;584,977;6,061,366;4,419,621;9,672,190;12,009,933;47,184,335;61,211,784;1,032,107;18,894,925;3,661,869;123,701,144;7,309,050;657,140;4,440,918;46,826,075;15,659,700;61,221,460;1,849,570;324,840;426,117;2,495,960;14,325,057;344,828;4,792,549;893,825;117,003,114;4,863,980;	3,122
beautifulsmoothies	791	14.4k	93	0	1				30	1,889,846;157,848;1,570,531;584,977;6,061,368;4,419,631;9,672,201;12,009,944;47,184,378;61,211,818;1,032,111;18,894,936;3,661,875;123,701,290;7,309,054;657,141;4,440,920;46,826,093;15,659,709;61,221,499;1,849,574;324,841;426,118;2,495,962;14,325,061;344,831;4,792,564;893,827;117,003,199;4,863,991;	1,305
beautifulsmoothies	791	14.4k	93	0	1				30	1,889,845;157,848;1,570,531;584,979;6,061,369;4,419,644;9,672,207;12,009,947;47,184,390;61,211,845;1,032,115;18,894,949;3,661,876;123,701,429;7,309,060;657,141;4,440,925;15,659,720;61,221,537;1,849,575;324,841;426,118;2,495,962;14,325,063;344,831;4,792,575;893,829;117,003,300;4,863,996;	572
beautifulsmoothies	791	14.4k	93	0	3				30	1,889,846;157,848;1,570,533;584,981;6,061,372;4,419,655;9,672,215;123,701,548;7,309,063;657,141;4,440,931;46,826,167;15,659,740;61,221,583;1,849,575;324,842;426,118;2,495,965;14,325,070;344,833;4,792,583;893,832;117,003,404;4,864,003;	1,133
beautifulsmoothies	791	14.4k	93	0	4				30	1,889,846;157,848;1,570,535;584,981;6,061,374;4,419,665;9,672,223;12,009,965;47,184,428;61,211,910;1,032,117;18,894,979;3,661,879;123,701,685;7,309,068;657,142;4,440,934;46,826,235;15,659,759;61,221,620;1,849,577;324,843;426,119;2,495,967;14,325,074;344,836;4,792,598;893,834;117,003,478;4,864,009;	1,182
beautifulsmoothies	791	14.4k	93	0	5				30	1,889,846;157,848;1,570,538;584,983;6,061,379;4,419,682;9,672,230;12,009,972;47,184,460;61,211,964;1,032,120;18,895,006;3,661,880;123,701,840;7,309,081;657,142;4,440,938;46,826,306;15,659,781;61,221,676;1,849,579;324,844;426,118;2,495,972;14,325,077;344,837;4,792,605;893,838;117,003,597;4,864,019;	1,780
beautifulsmoothies	791	14.4k	93	0	2				30	1,889,847;157,848;1,570,538;584,984;6,061,379;4,419,699;9,672,240;12,009,982;47,184,472;61,212,024;1,032,122;18,895,033;3,661,891;123,701,992;7,309,089;657,144;4,440,942;46,826,337;1,849,582;324,848;426,119;2,495,976;14,325,085;344,838;4,792,614;893,839;117,003,711;4,864,028;	1,269
beautifulsmoothies	791	14.4k	93	0	1				30	1,889,848;157,849;1,570,545;584,985;6,061,378;4,419,716;9,672,247;12,009,989;47,184,479;61,212,058;1,032,123;18,895,052;3,661,898;123,702,119;7,309,092;657,144;4,440,943;46,826,375;15,659,801;61,221,750;1,849,584;324,851;426,121;2,495,979;14,325,084;344,840;4,792,621;893,841;117,003,801;4,864,033;	1,763
_h1roya	153	4,305	354	1	8				30	421,893;6,800,317;4,622,681;4,078,235;2,116,510;276,237;9,145,634;994,617;6,159,606;8,414,653;3,027,376;2,859,660;3,798,111;25,640,657;3,594,878;2,176,559;385,540;4,124,677;9,145,648;488,683;3,964,958;4,761,864;3,764,914;1,164,149;7,502,224;118,191;1,670,027;996,363;	954
_h1roya	153	4,305	354	1	1				30	421,893;6,800,325;4,622,684;4,078,237;2,116,513;276,238;9,145,665;994,616;6,159,609;8,414,656;3,027,380;2,859,662;3,798,111;25,640,662;3,594,880;2,176,564;385,543;4,124,677;9,145,667;488,685;3,964,961;4,761,871;3,764,919;1,164,154;7,502,225;118,194;1,670,028;996,366;	1,074
_h1roya	153	4,305	354	1	6				30	421,892;6,800,329;4,622,687;4,078,239;2,116,517;276,238;9,145,672;994,617;488,687;3,964,964;4,761,880;3,764,924;1,164,156;7,502,227;118,195;1,670,031;996,369;	1,192
_h1roya	153	4,305	354	1	5				30	421,891;6,800,333;4,622,688;4,078,239;2,116,521;276,238;385,545;4,124,679;9,145,680;488,687;3,964,966;4,761,888;3,764,932;1,164,157;7,502,229;118,194;1,670,034;996,369;	790
_h1roya	153	4,305	354	1	5				30	421,891;6,800,331;4,622,687;4,078,241;2,116,526;276,238;9,145,685;994,621;6,159,620;8,414,666;3,027,381;2,859,665;3,798,122;25,640,696;3,594,878;2,176,566;385,545;4,124,682;9,145,696;488,688;3,964,970;4,761,904;3,764,943;1,164,159;7,502,234;118,195;1,670,035;996,374;	946
_h1roya	153	4,305	354	1	6				30	421,890;6,800,332;4,622,689;4,078,245;2,116,529;276,238;9,145,702;994,622;6,159,618;8,414,670;3,594,863;2,176,562;385,545;4,124,684;9,145,708;488,688;3,964,970;4,761,915;3,764,949;1,164,165;7,502,237;118,197;1,670,036;996,374;	1,254
_h1roya	153	4,305	354	1	1				30	421,890;6,800,335;4,622,692;4,078,250;2,116,534;276,238;9,145,717;994,621;6,159,622;8,414,670;3,027,384;2,859,666;3,798,126;25,640,717;3,594,864;2,176,566;385,547;4,124,685;9,145,720;488,690;3,964,970;4,761,923;1,164,167;7,502,246;118,199;1,670,036;996,377;	1,266
_h1roya	153	4,305	354	1	0				30	421,889;6,800,336;4,622,692;4,078,250;2,116,536;276,237;9,145,725;994,622;6,159,627;	771
_h1roya	153	4,305	354	1	0				30	994,624;6,159,628;8,414,676;3,027,385;2,859,666;3,798,128;25,640,732;3,594,868;2,176,565;385,548;4,124,687;9,145,735;488,691;3,964,966;4,761,940;3,764,968;1,164,171;7,502,247;118,199;1,670,038;996,383;	729
_h1roya	153	4,305	354	1	1				30	421,890;6,800,347;4,622,698;4,078,254;2,116,542;276,238;9,145,742;994,627;6,159,632;8,414,677;3,027,386;2,859,667;3,798,128;25,640,736;3,594,872;7,502,253;118,200;1,670,039;996,385;	1,350
_h1roya	153	4,305	354	1	0				30	421,890;6,800,349;4,622,695;4,078,255;2,116,543;276,238;9,145,751;994,628;6,159,633;8,414,677;3,027,386;2,859,669;3,798,129;25,640,745;3,594,873;2,176,574;385,551;4,124,694;9,145,763;488,693;3,964,966;4,761,963;3,764,992;1,164,174;7,502,257;118,200;1,670,040;996,386;	761
_h1roya	153	4,305	354	1	0				30	2,859,671;3,798,128;25,640,761;3,594,876;2,176,573;385,551;4,124,693;9,145,773;488,693;3,964,962;4,761,971;3,764,991;1,164,177;7,502,260;118,201;1,670,041;996,388;	1,153
_h1roya	153	4,305	354	1	0				30	25,640,769;3,594,875;2,176,576;385,551;4,124,693;9,145,778;488,693;3,964,961;4,761,981;3,764,999;1,164,181;7,502,265;118,201;1,670,041;996,391;	1,155
_h1roya	153	4,305	354	1	1				30	4,761,988;3,765,007;1,164,181;7,502,266;118,201;1,670,042;996,391;	1,119
_h1roya	153	4,305	354	1	3				30	421,888;6,800,357;4,622,697;4,078,258;2,116,549;276,239;9,145,786;994,630;6,159,637;8,414,681;3,594,875;2,176,575;385,554;4,124,697;9,145,788;488,693;3,964,962;4,762,011;3,765,012;1,164,185;7,502,271;118,201;1,670,043;996,392;	693
_h1roya	153	4,305	354	1	18				30	421,889;4,622,697;4,078,260;2,116,551;276,239;9,145,796;994,631;6,159,637;8,414,682;3,027,389;2,859,677;3,798,138;25,640,800;3,594,862;2,176,579;385,556;4,124,700;9,145,798;488,693;3,964,963;4,762,026;3,765,027;1,164,190;7,502,274;118,201;1,670,049;996,393;	1,419
_h1roya	153	4,305	354	1	16				30	421,893;6,800,362;4,622,701;4,078,263;2,116,559;276,239;9,145,814;994,629;6,159,642;8,414,689;3,027,393;2,859,681;3,798,143;25,640,800;3,594,840;2,176,579;385,557;4,124,705;9,145,819;488,694;3,964,956;4,762,038;3,765,032;1,164,194;7,502,272;118,202;1,670,052;996,400;	1,509
_h1roya	153	4,305	354	1	6				30	421,893;6,800,365;4,622,706;4,078,266;2,116,564;276,240;9,145,830;994,629;6,159,644;8,414,695;3,027,392;2,859,684;3,798,145;25,640,813;3,594,824;2,176,584;385,557;4,124,711;9,145,831;488,694;3,964,959;4,762,043;3,765,038;1,164,196;7,502,283;118,202;1,670,053;996,402;	917
_h1roya	153	4,305	354	1	12				30	421,893;6,800,369;4,622,707;4,078,269;2,116,571;276,240;9,145,840;994,629;6,159,645;25,640,828;3,594,815;2,176,590;385,558;4,124,723;9,145,843;488,696;3,964,960;4,762,049;3,765,044;1,164,200;7,502,292;118,202;1,670,055;996,402;	1,292
_h1roya	153	4,305	354	1	21				30	421,894;6,800,376;4,622,707;4,078,275;2,116,574;276,240;9,145,853;994,628;6,159,648;8,414,697;3,027,396;2,859,692;3,798,150;25,640,842;3,594,802;2,176,590;385,558;4,124,732;9,145,857;488,698;3,964,961;4,762,061;3,765,056;1,164,202;7,502,305;118,202;1,670,057;996,402;	1,264
_h1roya	153	4,305	354	1	10				30	421,894;6,800,381;4,622,715;4,078,277;2,116,582;276,240;9,145,856;994,634;6,159,651;8,414,701;3,027,400;2,859,701;3,798,153;25,640,861;3,594,801;2,176,593;385,561;4,124,736;9,145,855;488,700;3,964,962;4,762,076;3,765,078;1,164,207;7,502,307;118,202;1,670,061;996,408;	1,075
_h1roya	153	4,305	354	1	8				30	421,893;6,800,383;4,622,716;4,078,282;2,116,585;276,241;9,145,860;994,634;6,159,652;8,414,703;3,027,402;2,859,709;3,798,160;25,640,880;3,594,807;2,176,596;385,560;4,124,737;9,145,865;488,702;3,964,965;4,762,094;3,765,086;1,164,211;7,502,312;118,204;1,670,065;996,413;	795
_h1roya	153	4,305	354	1	17				30	421,893;6,800,390;4,622,721;4,078,282;2,116,591;276,241;9,145,874;994,635;6,159,662;8,414,708;3,027,402;2,859,710;3,798,167;25,640,895;3,594,808;2,176,602;385,561;4,124,739;9,145,882;488,705;3,964,967;4,762,112;3,765,092;1,164,214;7,502,314;118,205;1,670,068;996,415;	1,392
_h1roya	153	4,305	354	1	0				30	421,894;6,800,395;4,622,724;4,078,287;2,116,598;276,242;9,145,888;994,637;6,159,670;8,414,711;3,027,403;2,859,711;3,798,166;25,640,898;3,594,804;2,176,606;385,562;4,124,743;9,145,894;488,707;3,964,968;4,762,127;3,765,112;1,164,218;7,502,327;118,207;1,670,071;996,418;	725
_h1roya	153	4,305	354	1	0				30	421,895;6,800,397;4,622,724;4,078,287;2,116,600;276,242;9,145,903;994,637;6,159,676;8,414,715;3,027,399;4,124,746;9,145,906;488,707;3,964,968;4,762,136;109,672;1,164,221;7,502,331;118,209;1,670,072;996,419;	819
_h1roya	153	4,305	354	1	11				30	421,895;6,800,404;4,622,727;4,078,288;2,116,604;25,640,923;3,594,802;2,176,607;385,562;4,124,748;9,145,920;488,707;3,964,967;4,762,142;109,672;1,164,224;7,502,336;118,209;1,670,074;996,419;	692
_h1roya	153	4,305	354	1	10				30	421,897;6,800,409;4,622,732;4,078,289;2,116,607;276,243;9,145,929;994,638;6,159,689;8,414,719;3,027,403;2,859,715;3,798,174;25,640,944;3,594,789;2,176,610;385,564;4,124,754;9,145,939;488,708;3,964,963;4,762,156;109,672;1,164,228;7,502,346;118,211;1,670,075;996,421;	1,772
folksouls	1,778	209k	4,504	1	14				27	479,624;10,701,110;6,673,693;3,612,174;15,575,969;1,299,162;6,576,452;18,280,545;30,032;6,256,830;13,403,165;13,456;7,767,103;209,772;471,564;74,520;258,087;660,901;488,714;105,932;158,113;94,250;688,587;8,414,737;86,235;16,176;	2,957
folksouls	1,778	209k	4,504	1	17				27	479,628;10,701,123;6,673,703;3,612,179;15,575,981;1,299,149;6,576,456;18,280,576;30,032;6,256,843;13,403,186;13,456;7,767,114;209,774;471,565;74,520;258,087;660,903;488,719;105,932;158,113;94,250;688,587;8,414,745;86,235;16,176;	6,729
folksouls	1,778	209k	4,504	0	15				27	479,628;6;10,701,141;6,673,711;3,612,182;15,576,002;1,299,132;6,576,462;18,280,609;30,032;6,256,854;13,403,198;13,456;7,767,116;209,776;471,567;74,520;258,087;660,902;488,720;105,932;158,113;94,250;688,587;8,414,749;86,235;16,176;	15,822
folksouls	1,778	209k	4,504	0	27				27	479,631;10,701,144;6,673,716;3,612,183;15,576,012;1,299,127;6,576,467;18,280,641;30,032;6,256,866;13,403,214;13,456;7,767,122;209,777;471,567;74,521;258,088;660,906;488,722;105,933;158,113;94,250;688,587;8,414,753;86,235;16,176;	5,774
folksouls	1,778	209k	4,504	0	19				27	479,632;10,701,149;6,673,724;3,612,186;15,576,023;1,299,127;6,576,473;18,280,675;30,032;6,256,885;13,403,225;13,456;7,767,129;209,778;471,568;74,521;258,088;660,907;488,721;105,932;158,113;94,250;688,591;8,414,757;86,235;16,176;	7,065
folksouls	1,778	209k	4,504	1	15				27	479,631;10,701,162;6,673,726;3,612,188;15,576,033;1,299,127;6,576,484;18,280,712;30,033;6,256,903;13,403,244;13,456;7,767,133;209,778;471,572;74,521;258,089;660,912;488,721;105,934;158,113;94,250;688,591;8,414,761;86,235;16,176;	6,471
folksouls	1,778	209k	4,504	1	16				27	479,631;2;10,701,162;6,673,730;3,612,187;15,576,044;1,299,127;6,576,495;18,280,739;30,032;6,256,909;13,403,259;13,456;7,767,132;209,778;471,572;74,519;258,089;660,919;488,721;105,934;158,113;94,250;688,591;8,414,772;86,235;16,176;	11,635
folksouls	1,778	209k	4,504	1	15				27	479,627;10,701,188;6,673,736;3,612,193;15,576,058;1,299,127;6,576,503;18,280,766;30,032;6,256,920;13,403,274;13,456;7,767,140;209,778;471,574;74,519;258,089;660,922;488,721;105,934;158,113;94,250;688,591;8,414,773;86,235;16,176;	5,052
folksouls	1,778	209k	4,504	0	15				27	479,626;5;10,701,196;6,673,734;3,612,198;15,576,057;1,299,126;6,576,499;18,280,780;30,032;6,256,923;13,403,275;13,456;7,767,146;209,778;471,575;74,520;258,089;660,923;488,722;105,934;158,113;94,250;688,591;8,414,773;86,235;16,176;	8,560
folksouls	1,778	209k	4,504	1	15				27	479,624;20;10,701,204;6,673,737;3,612,202;15,576,070;1,299,127;6,576,503;18,280,799;30,033;6,256,935;13,403,289;13,457;7,767,152;209,777;471,573;74,520;258,089;660,919;488,723;105,933;158,113;94,251;688,591;8,414,781;86,237;16,176;	4,890
folksouls	1,778	209k	4,504	1	12				27	479,625;10,701,213;6,673,742;3,612,202;15,576,085;1,299,128;6,576,503;18,280,815;30,032;6,256,948;13,403,301;13,457;7,767,148;209,778;471,572;74,520;258,089;660,920;488,723;105,933;158,113;94,251;688,591;8,414,784;86,237;16,176;	11,967
folksouls	1,778	209k	4,504	1	13				27	479,627;10,701,224;6,673,742;3,612,210;15,576,093;1,299,127;6,576,506;18,280,851;30,032;6,256,963;13,403,325;13,459;7,767,156;209,778;471,572;74,520;258,087;660,920;488,724;105,934;158,112;94,252;688,591;8,414,791;86,236;16,176;	6,046
folksouls	1,778	209k	4,504	0	19				27	479,628;10,701,233;6,673,754;3,612,214;15,576,099;1,299,128;6,576,512;18,280,877;30,033;6,256,965;13,403,342;13,459;7,767,159;209,779;471,572;74,521;258,085;660,920;488,724;105,934;158,112;94,252;688,591;8,414,798;86,236;16,176;	6,086
folksouls	1,778	209k	4,504	1	17				27	479,629;8;10,701,244;6,673,760;3,612,218;15,576,115;1,299,127;6,576,510;18,280,894;30,032;6,256,969;13,403,347;13,459;7,767,170;209,779;471,572;74,521;258,085;660,922;488,725;105,933;158,112;94,253;688,591;8,414,807;86,237;16,176;	8,870
folksouls	1,778	209k	4,504	1	13				27	479,629;10,701,256;6,673,770;3,612,221;15,576,126;1,299,127;6,576,521;18,280,918;30,032;6,256,986;13,403,362;13,459;7,767,175;209,779;471,572;74,521;258,085;660,922;488,727;105,933;158,112;94,253;688,591;8,414,812;86,237;16,176;	5,917
folksouls	1,778	209k	4,504	0	13				27	479,630;10,701,267;6,673,768;3,612,224;15,576,129;1,299,127;6,576,522;18,280,923;30,032;6,256,998;13,403,367;13,459;7,767,184;209,779;471,573;74,521;258,086;660,923;488,729;105,932;158,112;94,253;688,591;8,414,810;86,236;16,176;	8,105
folksouls	1,778	209k	4,504	1	13				27	479,630;5;10,701,276;6,673,770;3,612,224;15,576,132;1,299,128;6,576,526;18,280,949;30,032;6,257,005;13,403,374;13,459;7,767,186;209,779;471,573;74,521;258,086;660,922;488,728;105,932;158,112;94,253;688,591;8,414,812;86,236;16,176;	7,915
folksouls	1,778	209k	4,504	1	11				27	479,630;10,701,286;6,673,768;3,612,229;15,576,139;1,299,129;6,576,533;18,280,969;30,032;6,257,022;13,403,380;13,459;7,767,192;209,779;471,574;74,521;258,086;660,922;488,727;105,932;158,112;94,253;688,590;8,414,818;86,236;16,176;	7,000
folksouls	1,778	209k	4,504	0	17				27	479,630;73;10,701,303;6,673,775;3,612,227;15,576,147;1,299,130;6,576,537;18,280,993;30,032;6,257,035;13,403,390;13,459;7,767,203;209,779;471,574;74,521;258,086;660,924;488,728;105,932;158,112;94,253;688,589;8,414,822;86,236;16,176;	7,697
folksouls	1,778	209k	4,504	0	20				27	479,631;10,701,312;6,673,777;3,612,230;15,576,157;1,299,130;6,576,544;18,281,014;30,033;6,257,037;13,403,402;13,459;7,767,205;209,780;471,577;74,523;258,084;660,926;488,727;105,932;158,111;94,253;688,591;8,414,826;86,236;16,176;	11,064
folksouls	1,778	209k	4,504	1	17				27	479,631;30;10,701,331;6,673,781;3,612,242;15,576,167;1,299,131;6,576,550;18,281,047;30,033;6,257,044;13,403,433;13,459;7,767,213;209,780;471,578;74,523;258,086;660,926;488,727;105,934;158,111;94,256;688,591;8,414,834;86,237;16,176;	9,912
folksouls	1,778	209k	4,504	0	12				27	479,626;8;10,701,337;6,673,791;3,612,254;15,576,177;1,299,132;6,576,553;18,281,065;30,032;6,257,049;13,403,447;13,459;7,767,220;209,782;471,579;74,523;258,086;660,924;488,728;105,934;158,111;94,256;688,592;8,414,834;86,236;16,176;	10,625
folksouls	1,778	209k	4,504	1	11				27	479,626;10,701,338;6,673,804;3,612,255;15,576,183;1,299,133;6,576,551;18,281,079;30,032;6,257,050;13,403,453;13,460;7,767,219;209,782;471,579;74,523;258,087;660,924;488,730;105,934;158,111;94,256;688,592;8,414,834;86,237;16,176;	13,102
folksouls	1,778	209k	4,504	1	13				27	479,628;3;10,701,351;6,673,807;3,612,250;15,576,188;1,299,132;6,576,559;18,281,104;30,032;6,257,055;13,403,464;13,460;7,767,220;209,782;471,580;74,524;258,087;660,926;488,731;105,934;158,111;94,256;688,592;8,414,838;86,236;16,176;	10,055
folksouls	1,778	209k	4,504	1	17				27	479,629;10,701,355;6,673,811;3,612,248;15,576,202;1,299,136;6,576,559;18,281,121;30,032;6,257,048;13,403,463;13,461;7,767,229;209,782;471,580;74,524;258,087;660,928;488,730;105,934;158,111;94,255;688,592;8,414,838;86,236;16,176;	7,139
klaraslife	1,077	107k	358	1	1				25	8,242,669;317,475;3,000,194;9,672,736;24,270,646;1,586,641;1,742,253;776,129;7,969;2,043,541;10,875,561;278,591,455;91,731,145;21,259,215;22,911,500;433,490;1,841,077;139,583;221;1,619,808;19,928,466;7,969;1,841,078;9,435,061;	1,191
klaraslife	1,077	107k	358	1	10				24	504,243;73,604,817;379,238;99,281;3,000,196;9,672,743;24,270,662;1,586,641;1,742,252;7,969;2,043,543;278,591,529;91,731,215;21,259,237;22,911,524;433,490;1,841,078;139,585;221;443;	3,245
klaraslife	1,077	107k	358	1	6				29	115,057;61,224,429;73,604,883;317,477;3,000,198;9,672,748;24,270,674;1,586,641;1,742,253;776,133;7,969;2,043,547;10,875,587;278,591,630;91,731,298;21,259,266;22,911,570;433,490;1,841,077;139,588;221;1,619,812;11,716,223;19,928,520;7,969;1,841,079;9,435,072;	3,943
klaraslife	1,077	107k	358	0	7				27	61,224,473;73,604,977;317,478;3,000,203;9,672,763;24,270,691;1,586,652;1,742,253;776,134;7,969;2,043,553;10,875,606;278,591,852;91,731,387;21,259,299;22,911,604;433,491;1,841,079;139,588;221;1,619,814;11,716,227;7,969;1,841,079;9,435,078;	6,581
klaraslife	1,077	107k	358	1	13				25	97,577;317,480;3,000,204;9,672,767;24,270,712;1,586,653;1,742,254;776,136;7,969;2,043,557;10,875,630;278,592,047;91,731,490;21,259,341;22,911,662;433,491;1,841,081;139,588;221;1,619,817;19,928,604;7,969;1,841,081;9,435,084;5,723,346;	2,475
klaraslife	1,077	107k	358	1	2				30	4,889;35,573;61,224,578;73,605,160;379,239;317,481;3,000,208;9,672,772;24,270,734;1,586,655;1,742,255;7,969;2,043,558;10,875,652;278,592,270;91,731,602;21,259,393;22,911,720;433,492;1,841,081;139,588;221;1,619,816;58,711,325;19,928,644;7,969;1,841,082;9,435,092;5,723,356;	4,314
klaraslife	1,077	107k	358	1	5				26	8,242,745;87,806;317,480;3,000,211;9,672,773;24,270,744;1,586,657;1,742,256;3,029;7,969;2,043,559;10,875,669;278,592,441;91,731,692;21,259,424;22,911,773;433,494;1,841,083;139,588;221;1,619,817;19,928,687;7,969;1,841,083;9,435,102;5,723,361;	4,055
klaraslife	1,077	107k	358	1	15				26	612,661;73,605,315;3,000,215;9,672,779;24,270,774;1,586,659;1,742,256;776,142;7,969;2,043,560;278,592,617;91,731,769;21,259,456;22,911,806;433,494;1,841,084;221;1,619,819;11,716,269;19,928,717;5,723,373;7,969;1,841,084;28,828;5,723,374;	2,593
klaraslife	1,077	107k	358	1	3				26	585,037;932;317,482;3,000,220;9,672,783;24,270,803;1,586,663;1,742,260;776,146;7,969;2,043,567;10,875,711;278,592,857;91,731,895;21,259,497;22,911,871;433,496;1,841,083;139,589;221;1,619,821;19,928,766;7,969;1,841,083;9,435,118;5,723,389;	3,191
klaraslife	1,077	107k	358	1	4				27	87,807;482,833;256,285;317,484;3,000,223;9,672,791;24,270,822;1,586,665;1,742,259;776,148;7,969;2,043,567;10,875,721;278,593,042;91,731,979;21,259,529;22,911,914;433,496;1,841,083;139,589;221;1,619,822;19,928,806;7,969;1,841,084;9,435,127;28,827;	2,207
klaraslife	1,077	107k	358	1	15				24	317,485;3,000,227;9,672,799;24,270,830;1,586,666;1,742,261;776,149;7,969;2,043,566;10,875,739;278,593,222;91,732,060;21,259,549;22,911,946;433,498;1,841,084;139,589;221;1,619,823;19,928,853;7,969;1,841,084;9,435,131;5,723,404;	2,121
klaraslife	1,077	107k	358	1	12				24	317,486;3,000,234;9,672,802;24,270,851;1,586,667;1,742,261;776,149;7,969;2,043,571;10,875,756;278,593,397;91,732,157;21,259,578;22,911,980;433,502;1,841,084;139,590;221;1,619,825;19,928,891;7,969;1,841,084;9,435,135;5,723,420;	2,820
klaraslife	1,077	107k	358	1	6				24	317,486;3,000,238;9,672,808;24,270,870;1,586,667;1,742,262;776,149;7,969;2,043,573;10,875,771;278,593,549;91,732,265;21,259,619;22,912,037;433,502;1,841,087;139,591;221;1,619,829;19,928,929;7,969;1,841,087;9,435,143;5,723,430;	3,487
klaraslife	1,077	107k	358	0	5				24	317,487;3,000,241;9,672,818;24,270,890;1,586,672;1,742,266;776,153;7,969;2,043,576;10,875,795;278,593,802;91,732,432;21,259,684;22,912,089;433,502;1,841,087;139,591;221;1,619,830;19,928,971;7,969;1,841,087;9,435,149;5,723,438;	2,410
klaraslife	1,077	107k	358	0	2				24	317,487;3,000,249;9,672,824;24,270,906;1,586,674;1,742,268;776,154;7,969;2,043,581;10,875,810;278,593,982;91,732,538;21,259,714;22,912,140;433,502;1,841,087;139,591;221;1,619,831;19,929,002;7,971;1,841,087;9,435,153;5,723,451;	3,140
klaraslife	1,077	107k	358	1	5				24	571,287;317,487;3,000,252;9,672,834;24,270,924;1,586,674;1,742,269;776,158;7,971;2,043,584;10,875,821;278,594,158;91,732,626;21,259,751;22,912,180;433,502;1,841,087;139,593;221;1,619,835;19,929,041;7,970;1,841,087;9,435,158;	4,382
klaraslife	1,077	107k	358	1	5				24	5,111,153;932;61,225,138;317,489;3,000,255;9,672,839;24,270,943;1,586,676;10,875,843;278,594,327;91,732,722;21,259,779;22,912,214;433,502;1,841,089;139,593;221;1,619,837;19,929,070;7,971;1,841,090;9,435,165;3,000,258;	4,770
klaraslife	1,077	107k	358	1	14				28	932;61,225,185;73,606,113;317,490;3,000,259;9,672,851;24,270,956;1,586,676;1,742,271;776,161;7,971;2,043,594;10,875,860;278,594,571;91,732,835;21,259,817;22,912,265;433,502;1,841,090;139,593;221;1,619,838;11,716,345;19,929,119;7,971;1,841,090;9,435,172;	3,641
klaraslife	1,077	107k	358	1	3				23	61,225,263;61,225,266;317,491;3,000,261;9,672,864;24,270,986;1,586,676;10,875,875;278,594,805;91,732,943;21,259,862;22,912,325;433,502;1,841,091;139,593;221;1,619,843;19,929,158;7,971;1,841,090;9,435,179;3,000,263;	2,123
klaraslife	1,077	107k	358	1	2				24	1,871,641;317,491;3,000,263;9,672,864;24,271,002;1,586,678;1,742,272;776,165;7,971;2,043,595;10,875,887;278,594,955;91,733,027;21,259,887;22,912,360;433,502;1,841,090;139,593;221;1,619,844;19,929,191;7,971;1,841,090;9,435,182;	3,592
klaraslife	1,077	107k	358	1	7				27	61,225,349;73,606,332;317,491;3,000,264;9,672,868;24,271,011;1,841,092;139,593;221;1,619,845;11,716,366;19,929,211;7,971;1,841,093;9,435,182;	3,191
klaraslife	1,077	107k	358	1	3				22	61,225,395;317,492;3,000,269;9,672,876;24,271,026;1,586,680;10,875,914;278,595,264;91,733,165;21,259,945;22,912,442;433,504;1,841,096;139,594;221;1,619,847;19,929,263;7,971;1,841,096;9,435,189;3,000,271;	4,529
klaraslife	1,077	107k	358	1	2				24	317,492;3,000,271;9,672,886;24,271,045;1,586,681;1,742,274;776,165;7,971;2,043,609;10,875,931;278,595,437;91,733,242;21,259,967;22,912,471;433,506;1,841,096;139,597;221;1,619,850;19,929,299;7,971;	3,410
klaraslife	1,077	107k	358	1	6				23	317,492;3,000,275;9,672,891;24,271,071;1,586,681;1,742,275;776,167;7,971;2,043,610;10,875,941;278,595,593;91,733,322;21,260,009;22,912,513;433,506;1,841,098;139,598;221;1,619,853;19,929,335;7,971;1,841,098;9,435,199;	2,945
klaraslife	1,077	107k	358	0	11				29	73,606,569;4,030,382;1,871,654;61,225,518;317,494;3,000,280;9,672,895;24,271,090;1,586,685;1,742,278;776,168;7,971;2,043,612;10,875,964;278,595,801;91,733,427;21,260,044;22,912,557;433,508;1,841,098;139,598;221;1,619,856;11,716,383;19,929,374;7,971;1,841,098;9,435,211;	3,638
klaraslife	1,077	107k	358	1	7				28	1,871,656;73,606,653;2,416,040;1,871,656;317,496;3,000,283;9,672,917;24,271,106;1,586,689;1,742,281;776,169;7,971;2,043,618;10,875,983;278,596,079;91,733,561;21,260,100;22,912,609;433,508;1,841,101;139,600;221;1,619,860;19,929,424;7,971;1,841,102;9,435,222;	8,335
klaraslife	1,077	107k	358	1	1				27	61,225,659;379,249;317,496;3,000,282;9,672,933;24,271,132;1,586,689;1,742,283;7,971;2,043,621;10,876,010;278,596,340;91,733,651;21,260,135;22,912,657;433,507;1,841,103;139,600;221;1,619,862;58,712,285;19,929,464;7,971;1,841,103;9,435,228;5,723,506;	2,654
mountainstones	1,943	250k	632	1	5				1	368,332;	6,275
mountainstones	1,943	250k	632	1	10				1	368,332;	7,193
mountainstones	1,943	250k	632	1	13				1	368,332;	6,496
mountainstones	1,943	250k	632	1	1				1	368,331;	7,179
mountainstones	1,943	250k	632	0	27				0		2,603
mountainstones	1,943	250k	632	1	2				1	368,330;	8,821
mountainstones	1,943	250k	632	1	8				1	368,330;	7,645
mountainstones	1,943	250k	632	1	8				1	368,330;	7,216
mountainstones	1,943	250k	632	0	5				1	368,330;	7,359
mountainstones	1,943	250k	632	0	3				1	368,330;	5,584
mountainstones	1,943	250k	632	1	6				1	368,330;	6,611
mountainstones	1,943	250k	632	1	5				1	368,328;	13,897
mountainstones	1,943	250k	632	0	5				1	368,328;	11,393
mountainstones	1,943	250k	632	0	6				1	368,328;	5,352
mountainstones	1,943	250k	632	1	4				1	368,328;	6,841
mountainstones	1,943	250k	632	1	3				1	368,330;	8,871
mountainstones	1,943	250k	632	0	9				1	368,329;	6,963
mountainstones	1,943	250k	632	0	4				1	368,332;	8,781
mountainstones	1,943	250k	632	0	13				1	368,332;	11,479
mountainstones	1,943	250k	632	0	1				1	368,332;	12,982
mountainstones	1,943	250k	632	0	2				1	368,332;	15,083
mountainstones	1,943	250k	632	1	7				1	368,332;	10,949
mountainstones	1,943	250k	632	0	5				1	368,332;	13,564
mountainstones	1,943	250k	632	0	8				1	368,332;	7,876
_designtales_	523	113k	195	0	4				18	1,255,094;244,928;46,174;46,594,248;2,230,874;3,652,838;327,389;232,880;1,702,434;545,440;849,208;7,603;22,745;1,294;187,743;932,735;240,915;	12,554
_designtales_	523	113k	195	0	15				17	889;150,391;1,159,803;8,406,328;232,881;327,389;932,735;670,493;240,915;3,652,844;926,130;2,230,877;1,167,756;173,282;10,728,017;545,441;343,023;	3,461
_designtales_	523	113k	195	0	16				19	3,652,847;926,132;2,230,879;2,035,256;253;343,023;250,541;223,660;1,702,443;215,134;48,343;232,882;932,738;240,917;28,829;604,903;374,810;461,331;	3,623
_designtales_	523	113k	195	0	7				18	232,882;150,391;327,389;932,738;240,917;3,652,851;926,131;2,230,879;1,167,756;63,155;5,757;10,728,049;793,241;545,443;668,402;343,023;8,406,363;1,159,809;	7,603
_designtales_	523	113k	195	0	13				17	3,652,852;926,132;2,230,883;2,035,255;903,654;250,541;223,660;343,023;1,702,444;461,331;232,882;327,391;932,738;240,918;244,929;66,766;989,505;	9,264
_designtales_	523	113k	195	0	17				18	16;50;313,977;657,971;1,987,696;181,226;143,722;670,500;2,377,713;3,652,857;926,134;2,230,885;2,035,262;232,882;932,740;240,918;461,330;153,432;	6,544
_designtales_	523	113k	195	0	6				15	327,393;545,446;1,702,449;343,024;223,661;3,652,859;232,882;932,740;240,920;989,510;63,156;2,230,888;5,769,529;864,445;171,314;	11,124
_designtales_	523	113k	195	0	11				18	22;3,652,861;926,134;2,230,891;2,035,265;250,543;223,661;668,408;545,447;343,024;989,514;232,882;932,740;461,330;240,920;464,656;1,167,759;173,285;	3,001
_designtales_	523	113k	195	0	12				18	46,594,598;3,652,862;926,134;2,230,893;2,035,268;250,543;223,661;1,987,709;313,979;112,316;181,226;168,088;73,530;461,330;327,394;232,883;240,920;932,742;	7,031
_designtales_	523	113k	195	0	12				17	16;50;30,155;2,230,898;2,035,271;926,135;3,652,867;250,545;25,165;232,883;932,742;240,920;989,517;668,409;70,236;63,230;63,202;	3,419
_designtales_	523	113k	195	0	12				16	22;2,230,901;2,035,275;3,652,868;926,135;250,545;223,662;932,742;232,883;313,979;657,979;989,517;1,702,461;343,025;668,410;461,330;	4,143
_designtales_	523	113k	195	0	12				18	50;3,808,551;1,357,606;705,184;21,992,506;248,015;5,769,549;864,449;171,314;668,409;545,450;3,652,872;232,885;30,155;240,922;932,742;2,230,902;327,396;	4,668
_designtales_	523	113k	195	0	13				14	16;50;30,155;1,875,210;2,408,793;84,846;479,423;6,257,149;1,357,609;21,992,576;705,190;63,357,432;3,808,555;248,015;	2,341
_designtales_	523	113k	195	0	26				18	16;670,498;2,377,738;223,663;30,155;232,885;2,035,280;229,418;240,922;932,743;23,298,754;1,357,610;153,437;107,357,968;3,652,875;926,136;545,449;1,702,463;	3,136
_designtales_	523	113k	195	0	17				19	50;16;3,652,873;926,136;250,546;2,230,908;2,035,280;223,663;461,330;244,938;1,255,128;247,816;30,155;232,885;932,743;240,922;311,038;2,377,740;670,497;	5,661
_designtales_	523	113k	195	0	17				20	16;926,138;2,230,909;989,528;2,995,046;1,357,614;6,257,179;479,427;23,298,851;343,027;3,068;217,638;107,358,071;2,230,909;232,885;932,743;670,497;240,922;327,397;50;	4,464
_designtales_	523	113k	195	0	15				12	3,652,883;926,139;2,230,909;2,035,289;989,528;545,451;25,165;250,549;4,125,029;232,885;932,743;240,922;	7,995
_designtales_	523	113k	195	0	18				19	22;5,735,759;141,414;447,438;232,885;327,397;670,497;240,922;989,529;932,743;3,652,884;926,138;250,550;25,165;4,125,036;107,358,160;343,027;668,410;	8,307
_designtales_	523	113k	195	0	5				17	48;3,652,883;926,138;2,230,906;2,035,289;250,549;461,330;223,663;327,398;545,452;343,027;989,529;514,614;4,125,040;171,314;864,457;181,385;	10,569
_designtales_	523	113k	195	0	18				20	1,123,044;3,652,883;926,139;2,230,907;2,035,286;250,549;223,664;343,027;1,702,480;989,529;244,940;1,255,140;932,746;232,878;327,397;240,922;461,330;168,873;124,234;944,485;	5,754
_designtales_	523	113k	195	0	14				22	22;3,791;668,409;3,652,887;926,140;2,230,909;2,035,288;250,549;223,665;343,027;1,702,484;240,922;932,746;232,877;461,331;1,123,045;989,529;171,314;864,461;311,038;670,503;2,377,757;	8,058
_designtales_	523	113k	195	0	13				18	327,401;232,877;932,747;240,922;3,469;190,146;121,071;107,358,387;926,141;3,652,889;250,549;25,166;150,392;5,769,608;171,316;252,637;415;	3,067
_designtales_	523	113k	195	0	11				19	327,401;232,878;932,748;240,922;5,769,611;864,468;171,316;250,549;25,166;849,232;22,747;3,652,892;926,143;2,230,909;107,358,498;668,412;343,030;545,455;	14,395
_designtales_	523	113k	195	0	13				17	22;250,549;327,402;232,879;240,924;932,750;3,652,893;926,144;2,230,910;244,940;66,770;1,255,148;668,413;849,233;343,030;545,455;	6,463
eeinteriorarchitecture	350	10.8k	4	0	0				22	2,095,952;39,495;701,292;25,114;1,013,224;15,729,798;8,305,049;9,042,616;6,071,182;46,595,187;12,085,730;358,974;31,706,104;360;69,044,751;409,009;5,449,486;1,991,837;175,124;67,314,230;7,665,265;7,165,566;	920
eeinteriorarchitecture	350	10.8k	4	0	0				22	2,095,955;39,495;701,293;25,116;1,013,225;15,729,811;8,305,052;9,042,618;6,071,186;46,595,210;12,085,735;358,974;31,706,126;360;69,044,795;409,009;5,449,486;1,991,839;175,124;67,314,269;7,665,272;7,165,570;	232
eeinteriorarchitecture	350	10.8k	4	0	0				22	2,095,956;39,495;701,293;25,116;1,013,226;15,729,806;8,305,053;9,042,625;6,071,189;46,595,233;12,085,734;358,974;31,706,143;360;69,044,841;409,011;5,449,491;1,991,840;175,124;67,314,301;7,665,277;7,165,575;	348
eeinteriorarchitecture	350	10.8k	4	0	0				22	2,095,955;39,495;701,294;25,116;1,013,226;15,729,807;8,305,057;9,042,632;6,071,196;46,595,262;12,085,733;358,974;31,706,184;360;69,044,893;409,011;5,449,496;1,991,840;175,124;67,314,338;7,665,281;7,165,587;	473
eeinteriorarchitecture	350	10.8k	4	0	0				23	372,203,770;2,095,956;9,042,643;6,071,209;46,595,297;12,085,739;358,974;31,706,224;360;69,044,968;409,011;5,449,502;1,991,843;175,124;67,314,382;7,665,286;7,165,598;	56
eeinteriorarchitecture	350	10.8k	4	0	0				22	2,095,961;39,495;701,295;25,116;1,013,228;15,729,841;8,305,064;9,042,651;6,071,212;46,595,330;12,085,748;358,974;31,706,250;360;69,045,034;409,011;5,449,499;1,991,844;175,124;67,314,427;7,665,290;7,165,612;	401
eeinteriorarchitecture	350	10.8k	4	0	0				22	2,095,960;39,495;701,295;25,116;1,013,228;15,729,857;8,305,068;9,042,660;6,071,217;46,595,383;12,085,752;358,974;31,706,283;360;69,045,106;409,012;5,449,504;1,991,844;175,124;67,314,479;7,665,294;7,165,623;	344
eeinteriorarchitecture	350	10.8k	4	0	0				26	372,204,627;11,739,815;67,284,907;2,095,965;39,495;701,297;25,116;1,013,230;15,729,864;8,305,072;9,042,664;6,071,225;46,595,420;12,085,757;358,974;31,706,330;359;69,045,175;409,014;5,449,510;1,991,849;175,124;67,314,532;7,665,304;7,165,627;96,135,908;	88
eeinteriorarchitecture	350	10.8k	4	0	0				22	2,095,965;39,495;701,297;25,116;1,013,229;15,729,874;8,305,072;9,042,676;6,071,234;46,595,456;12,085,762;358,974;31,706,357;360;69,045,219;409,016;5,449,515;1,991,849;175,124;67,314,574;7,665,316;7,165,634;	199
eeinteriorarchitecture	350	10.8k	4	0	0				22	2,095,965;39,495;701,298;25,116;1,013,229;15,729,878;8,305,078;9,042,682;5,449,518;1,991,851;175,124;67,314,604;7,665,322;7,165,638;	241
eeinteriorarchitecture	350	10.8k	4	0	0				22	2,095,965;39,495;701,298;25,116;1,013,229;15,729,891;8,305,077;9,042,683;6,071,247;46,595,500;12,085,765;358,974;31,706,378;360;5,449,519;1,991,851;175,124;67,314,631;7,665,326;7,165,643;	513
eeinteriorarchitecture	350	10.8k	4	0	0				22	2,095,966;39,494;701,298;25,116;1,013,231;15,729,902;8,305,080;9,042,690;6,071,253;46,595,488;12,085,768;358,974;31,706,388;360;67,314,652;7,665,328;7,165,647;	432
eeinteriorarchitecture	350	10.8k	4	0	0				22	2,095,966;39,494;701,298;25,116;1,013,231;15,729,919;8,305,079;9,042,692;6,071,257;46,595,432;12,085,769;358,974;31,706,406;359;69,045,352;409,018;5,449,524;1,991,856;175,124;67,314,704;7,665,332;7,165,657;	285
eeinteriorarchitecture	350	10.8k	4	0	1				22	2,095,966;39,494;701,299;25,116;1,013,231;15,729,938;8,305,084;9,042,700;6,071,268;46,595,482;12,085,775;358,975;31,706,434;360;69,045,404;409,018;5,449,524;1,991,858;175,124;67,314,718;7,665,337;7,165,667;	335
eeinteriorarchitecture	350	10.8k	4	0	0				21	39,495;701,300;25,116;1,013,233;15,729,960;8,305,088;9,042,705;6,071,279;46,595,522;12,085,779;358,975;31,706,454;360;69,045,445;409,019;5,449,526;1,991,861;175,124;67,314,737;7,665,337;7,165,682;	188
eeinteriorarchitecture	350	10.8k	4	0	0				21	39,495;701,301;25,116;1,013,237;15,729,960;8,305,089;9,042,713;6,071,281;46,595,546;12,085,779;358,974;31,706,479;360;69,045,496;409,019;5,449,526;1,991,862;175,124;67,314,786;7,665,343;7,165,693;	272
eeinteriorarchitecture	350	10.8k	4	0	0				21	39,495;701,301;25,116;1,013,238;15,729,972;8,305,092;9,042,718;6,071,281;46,595,580;12,085,784;358,976;31,706,504;360;69,045,551;409,021;5,449,529;1,991,865;175,124;67,314,833;7,665,343;7,165,702;	185
eeinteriorarchitecture	350	10.8k	4	0	0				21	39,495;701,301;25,116;1,013,239;7,665,344;7,165,705;	461
eeinteriorarchitecture	350	10.8k	4	0	0				21	39,495;701,301;25,116;1,013,239;15,729,981;8,305,092;9,042,725;6,071,270;46,595,621;12,085,790;358,977;31,706,535;360;69,045,624;409,022;5,449,530;1,991,865;175,124;67,314,880;7,665,345;7,165,709;	324
eeinteriorarchitecture	350	10.8k	4	1	1				21	39,495;701,300;25,116;1,013,239;15,729,980;8,305,088;9,042,734;6,071,268;46,595,648;12,085,790;358,977;31,706,552;360;69,045,686;409,024;5,449,535;1,991,866;175,124;67,314,922;7,665,352;7,165,717;	65
eeinteriorarchitecture	350	10.8k	4	0	1				22	2,095,986;39,495;701,300;25,116;1,013,239;15,729,999;8,305,090;9,042,746;6,071,262;46,595,700;12,085,793;358,977;31,706,591;360;69,045,751;409,025;5,449,540;1,991,866;175,124;67,314,976;7,665,359;7,165,718;	905
eeinteriorarchitecture	350	10.8k	4	0	1				22	2,095,987;39,495;701,299;25,115;1,013,239;15,730,021;8,305,094;9,042,754;6,071,258;46,595,728;12,085,795;358,977;31,706,615;360;69,045,829;409,027;5,449,543;1,991,866;175,124;67,315,025;7,665,363;7,165,723;	231
eeinteriorarchitecture	350	10.8k	4	0	0				22	2,095,988;39,495;701,299;25,115;1,013,241;15,730,029;8,305,097;9,042,764;6,071,252;46,595,771;12,085,803;358,977;31,706,644;360;69,045,882;409,027;5,449,548;1,991,868;175,126;67,315,058;7,665,368;7,165,728;	449
eeinteriorarchitecture	350	10.8k	4	0	0				22	2,095,989;39,495;701,299;25,115;15,730,034;8,305,097;9,042,772;6,071,248;46,595,792;12,085,806;358,977;31,706,667;360;69,045,921;409,027;5,449,552;1,991,868;175,126;67,315,085;7,665,372;7,165,731;	619
eeinteriorarchitecture	350	10.8k	4	0	0				22	2,095,989;31,706,677;360;69,045,955;409,027;5,449,552;1,991,868;175,126;67,315,119;7,665,377;7,165,731;	394
eeinteriorarchitecture	350	10.8k	4	0	1				22	2,095,989;39,495;701,299;25,116;1,013,241;15,730,062;8,305,099;9,042,787;6,071,269;46,595,854;12,085,813;358,977;31,706,701;360;69,046,004;409,028;5,449,560;1,991,870;175,126;67,315,147;7,665,386;7,165,735;	484
eeinteriorarchitecture	350	10.8k	4	0	0				22	2,095,989;39,495;701,300;25,116;1,013,242;15,730,072;8,305,100;9,042,801;6,071,274;46,595,885;12,085,819;358,977;31,706,729;360;69,046,059;409,029;5,449,565;1,991,873;175,126;67,315,197;7,665,393;7,165,738;	367
divola	525	3,540	54	0	0				0		304
divola	525	3,540	54	0	0				0		452
divola	525	3,540	54	0	0				0		265
divola	525	3,540	54	0	0				0		145
divola	525	3,540	54	0	0				0		291
divola	525	3,540	54	0	0				0		355
divola	525	3,540	54	0	0				0		334
divola	525	3,540	54	0	0				0		184
divola	525	3,540	54	0	1				0		268
divola	525	3,540	54	0	0				0		232
divola	525	3,540	54	0	0				0		233
divola	525	3,540	54	0	0				0		265
divola	525	3,540	54	0	0				0		250
divola	525	3,540	54	0	2				0		227
divola	525	3,540	54	0	0				0		255
divola	525	3,540	54	0	0				0		112
divola	525	3,540	54	0	0				0		129
divola	525	3,540	54	0	3				0		293
divola	525	3,540	54	0	0				0		131
divola	525	3,540	54	0	0				0		151
divola	525	3,540	54	0	0				0		313
divola	525	3,540	54	0	0				0		119
divola	525	3,540	54	0	0				0		208
divola	525	3,540	54	0	0				0		210
divola	525	3,540	54	0	0				0		158
divola	525	3,540	54	0	0				0		145
divola	525	3,540	54	0	0				0		215
meistershotz	618	45.9k	100	1	10				30	32,715;32,715;82,992;2,659,056;8,935,213;18,283,019;1,281,960;76,122;3,775,678;6,577,014;20,362,058;2,148,977;3,569,953;1,164,507;4,936,947;749,628;1,319,317;2,815,701;658,635;94,271;1,728,713;488,812;1,109,037;9,667,201;994,758;1,795,382;16,475;326,198;5,606,834;23,057,164;	682
meistershotz	618	45.9k	100	1	5				30	32,715;32,715;82,992;2,659,061;8,935,229;18,283,055;1,281,965;76,122;3,775,689;6,577,037;20,362,090;2,148,982;3,569,967;1,164,512;4,936,958;749,633;1,319,316;2,815,702;658,636;94,271;1,728,718;488,816;1,109,041;9,667,214;994,760;1,795,386;16,475;326,199;5,606,843;23,057,184;	1,050
meistershotz	618	45.9k	100	1	7				30	32,715;32,715;82,992;2,659,071;8,935,243;18,283,095;1,281,965;76,122;3,775,698;6,577,049;20,362,119;2,148,990;3,569,978;1,164,517;4,936,967;749,630;1,319,316;2,815,705;658,639;94,273;1,728,726;488,819;1,109,042;9,667,226;994,760;1,795,391;16,475;326,200;5,606,853;23,057,222;	1,420
meistershotz	618	45.9k	100	1	4				30	32,715;32,715;82,994;2,659,076;8,935,257;18,283,129;1,281,969;76,122;3,775,701;6,577,066;20,362,158;2,148,990;3,569,988;1,164,521;4,936,976;749,631;1,319,316;2,815,707;658,641;94,274;1,728,737;488,822;1,109,045;9,667,239;994,762;1,795,392;16,476;326,201;5,606,855;23,057,254;	751
meistershotz	618	45.9k	100	1	4				30	32,715;32,715;82,994;2,659,084;8,935,272;18,283,164;1,281,974;76,122;3,775,713;6,577,079;20,362,183;2,148,993;3,570,000;1,164,525;4,936,983;749,631;1,319,311;2,815,712;658,642;94,274;1,728,744;488,824;1,109,051;9,667,235;994,762;1,795,396;16,476;326,202;5,606,856;23,057,278;	1,138
meistershotz	618	45.9k	100	1	4				30	32,715;32,715;82,994;2,659,091;8,935,278;18,283,210;1,281,978;76,121;3,775,715;6,577,093;20,362,226;2,148,995;3,570,014;1,164,530;4,937,000;749,636;1,319,321;2,815,716;658,645;94,274;1,728,746;488,825;1,109,055;9,667,254;994,764;1,795,399;16,476;326,202;5,606,860;23,057,317;	955
meistershotz	618	45.9k	100	1	4				30	32,715;32,715;82,994;2,659,096;8,935,281;18,283,246;1,281,985;76,121;3,775,733;6,577,111;20,362,265;2,148,995;3,570,018;1,164,529;4,937,006;749,639;1,319,325;2,815,721;658,646;94,275;1,728,745;488,827;1,109,059;9,667,277;	1,996
meistershotz	618	45.9k	100	1	4				30	32,715;32,715;82,994;2,659,096;8,935,281;18,283,277;1,281,986;76,122;3,775,748;6,577,129;20,362,287;2,148,995;3,570,021;1,164,527;4,937,001;749,640;1,319,326;2,815,723;658,647;94,275;1,728,749;488,828;1,109,059;9,667,286;994,765;1,795,403;16,477;326,204;5,606,884;23,057,359;	944
meistershotz	618	45.9k	100	1	9				30	32,715;32,715;82,995;2,659,100;8,935,290;18,283,304;1,281,991;76,121;3,775,758;6,577,142;20,362,320;2,148,998;3,570,029;1,164,532;4,937,016;749,642;1,319,327;2,815,726;658,649;94,276;1,728,756;488,830;1,109,068;9,667,307;994,765;1,795,407;16,477;326,205;5,606,895;23,057,379;	1,195
meistershotz	618	45.9k	100	0	4				30	32,715;32,715;82,995;2,659,110;8,935,305;18,283,342;1,281,996;76,122;3,775,771;6,577,156;20,362,344;2,149,000;3,570,037;1,164,538;4,937,027;749,647;1,319,329;2,815,731;658,650;94,275;1,728,757;488,830;1,109,075;9,667,317;994,767;1,795,411;16,477;326,206;5,606,904;23,057,412;	1,088
meistershotz	618	45.9k	100	0	4				30	32,716;32,716;82,995;2,659,113;8,935,314;18,283,367;1,282,000;76,123;3,775,774;6,577,164;20,362,367;2,149,007;3,570,042;1,164,542;4,937,033;749,648;1,319,328;2,815,737;658,653;94,275;1,728,759;1,109,079;9,667,324;994,768;1,795,412;16,477;326,206;5,606,912;23,057,441;	679
meistershotz	618	45.9k	100	0	4				30	32,716;32,716;82,995;2,659,119;8,935,324;18,283,413;1,282,001;76,122;3,775,782;6,577,175;20,362,410;2,149,014;3,570,043;1,164,548;4,937,038;749,651;1,319,327;2,815,740;658,654;94,274;1,728,764;488,830;1,109,078;9,667,340;994,769;1,795,415;16,477;326,207;5,606,926;23,057,480;	1,624
meistershotz	618	45.9k	100	1	4				30	32,716;32,716;82,995;2,659,124;8,935,335;18,283,442;1,282,004;76,122;3,775,791;6,577,188;20,362,443;2,149,021;3,570,049;1,164,548;4,937,045;749,653;1,319,330;2,815,741;658,657;94,274;1,728,768;488,830;1,109,082;9,667,351;994,769;1,795,419;16,477;326,209;5,606,937;23,057,510;	1,495
meistershotz	618	45.9k	100	1	4				30	32,716;32,716;82,995;2,659,128;8,935,343;18,283,469;1,282,005;76,124;3,775,802;6,577,193;20,362,470;2,149,021;3,570,056;1,164,549;4,937,050;749,656;1,319,332;2,815,743;658,659;94,275;1,728,772;488,830;1,109,080;9,667,353;994,768;1,795,418;16,476;326,209;5,606,954;23,057,539;	756
meistershotz	618	45.9k	100	1	4				30	32,715;32,715;82,995;2,659,128;8,935,345;18,283,495;1,282,006;76,124;3,775,811;6,577,192;20,362,476;2,149,023;3,570,059;1,164,550;4,937,057;749,656;1,319,335;2,815,748;658,660;94,275;1,728,774;488,829;1,109,080;9,667,365;994,770;1,795,423;16,476;326,211;5,606,958;23,057,567;	1,238
meistershotz	618	45.9k	100	1	5				30	32,715;32,715;82,995;2,659,132;8,935,353;18,283,533;1,282,013;76,124;3,775,827;6,577,205;20,362,515;2,149,028;3,570,064;1,164,553;4,937,059;749,657;1,319,339;2,815,751;1,795,423;16,476;326,213;5,606,968;23,057,584;	1,196
meistershotz	618	45.9k	100	1	4				30	32,715;32,715;82,995;2,659,137;8,935,354;18,283,552;1,282,017;76,124;3,775,833;6,577,207;20,362,541;2,149,032;3,570,071;1,164,556;4,937,064;749,653;1,319,338;2,815,755;658,661;94,274;1,728,782;488,831;1,109,083;9,667,381;994,774;1,795,422;16,476;326,214;5,606,982;23,057,619;	1,104
meistershotz	618	45.9k	100	1	5				30	32,715;32,715;82,995;2,659,145;8,935,363;18,283,583;1,282,022;76,124;3,775,839;6,577,212;20,362,564;2,149,036;3,570,083;1,164,558;4,937,070;749,651;1,319,346;2,815,759;658,663;94,274;1,728,784;488,833;1,109,086;9,667,397;994,776;1,795,426;16,476;326,215;5,606,990;23,057,649;	1,999
meistershotz	618	45.9k	100	0	4				30	32,715;32,715;82,995;2,659,158;8,935,375;18,283,607;1,282,034;76,124;3,775,855;6,577,232;20,362,606;2,149,041;3,570,091;1,164,560;4,937,090;749,657;1,319,351;2,815,761;658,668;94,276;1,728,799;488,834;1,109,091;9,667,430;994,778;1,795,426;16,477;326,217;5,607,006;23,057,707;	1,250
meistershotz	618	45.9k	100	1	4				30	32,715;32,715;82,995;2,659,170;8,935,383;18,283,639;1,282,036;76,124;3,775,871;6,577,237;20,362,633;2,149,045;3,570,100;1,164,564;4,937,098;749,659;1,319,353;2,815,765;658,667;94,277;1,728,805;488,835;1,109,092;9,667,455;994,785;1,795,428;16,477;326,219;5,607,015;23,057,739;	1,028
meistershotz	618	45.9k	100	1	5				30	32,715;32,715;82,995;2,659,176;8,935,394;18,283,676;1,282,043;76,124;3,775,878;6,577,244;20,362,663;2,149,052;3,570,113;1,164,568;4,937,108;749,661;1,319,352;2,815,769;658,667;94,278;1,728,806;488,837;1,109,095;	771
meistershotz	618	45.9k	100	1	8				30	32,715;32,715;82,996;2,659,188;8,935,402;18,283,711;1,282,046;76,124;3,775,888;6,577,251;20,362,681;2,149,055;3,570,116;1,164,566;4,937,115;749,664;1,319,352;2,815,772;658,669;94,278;1,728,809;488,837;1,109,099;9,667,489;994,788;1,795,437;16,478;326,219;5,607,045;23,057,805;	1,505
meistershotz	618	45.9k	100	1	20				30	32,716;32,716;82,996;2,659,195;8,935,416;18,283,750;1,282,056;76,124;3,775,903;6,577,272;20,362,718;2,149,061;3,570,130;1,164,570;4,937,128;749,667;1,319,357;2,815,780;658,672;94,281;1,728,815;488,840;1,109,106;9,667,502;994,789;1,795,437;16,478;326,222;5,607,059;23,057,832;	1,455
meistershotz	618	45.9k	100	0	4				30	32,716;32,716;82,997;2,659,203;8,935,428;18,283,811;1,282,060;76,124;3,775,914;6,577,282;20,362,755;2,149,066;3,570,137;1,164,574;4,937,136;749,672;1,319,359;2,815,785;658,673;94,281;1,728,820;488,840;1,109,111;9,667,512;994,790;1,795,443;16,478;326,222;5,607,075;23,057,895;	873
meistershotz	618	45.9k	100	0	6				30	32,716;32,716;82,997;2,659,209;8,935,435;18,283,855;1,282,064;76,124;3,775,930;6,577,288;20,362,791;2,149,073;3,570,143;1,164,583;4,937,144;749,676;1,319,361;2,815,787;658,676;94,282;1,728,827;488,841;1,109,121;9,667,534;994,793;1,795,447;16,478;326,223;5,607,093;23,057,932;	1,200
meistershotz	618	45.9k	100	1	5				30	32,716;32,716;82,997;2,659,219;8,935,449;18,283,887;1,282,070;76,124;3,775,947;6,577,296;20,362,822;2,149,075;3,570,151;1,164,588;4,937,148;749,679;1,319,362;2,815,790;658,675;94,281;1,728,831;488,841;1,109,134;9,667,544;994,793;1,795,453;16,478;326,223;5,607,115;23,057,962;	952
meistershotz	618	45.9k	100	1	4				30	32,716;32,716;82,999;2,659,226;8,935,466;18,283,942;1,282,073;76,125;3,775,960;6,577,308;20,362,866;2,149,077;3,570,162;1,164,592;4,937,163;749,681;1,319,363;2,815,795;658,678;94,281;1,728,836;488,841;1,109,138;9,667,559;994,793;1,795,456;16,478;326,223;5,607,134;23,057,984;	908
raw_architecture_	2,769	17.1k	233	0	10				6	58,655;4,091,108;60,166;33,693;3,408,739;	59
raw_architecture_	2,769	17.1k	233	0	22				12	21,806;58,655;9,483,574;532,747;3,905,905;174,799;96,857;699,876;476,790;290,491;15,452;	449
raw_architecture_	2,769	17.1k	233	0	9				12	21,806;58,655;9,483,584;532,747;3,905,907;174,799;96,857;699,876;476,791;290,492;15,452;	345
raw_architecture_	2,769	17.1k	233	0	24				12	21,806;58,655;9,483,584;532,747;3,905,908;174,799;96,857;699,876;476,791;290,492;15,452;	780
raw_architecture_	2,769	17.1k	233	1	9				12	21,806;58,655;9,483,591;532,748;3,905,909;174,799;96,858;699,876;476,791;290,493;15,452;	384
raw_architecture_	2,769	17.1k	233	1	27				12	21,806;58,655;9,483,595;532,748;3,905,909;174,799;96,858;699,877;476,793;290,495;15,452;	670
raw_architecture_	2,769	17.1k	233	1	11				12	21,807;58,655;9,483,603;532,748;3,905,911;174,799;96,858;699,879;476,793;290,497;15,452;	348
raw_architecture_	2,769	17.1k	233	1	20				12	21,807;58,655;9,483,606;532,749;3,905,913;174,799;96,858;699,879;476,793;290,497;15,452;	565
raw_architecture_	2,769	17.1k	233	1	9				12	21,806;58,657;9,483,606;532,749;3,905,914;174,799;96,858;699,881;476,794;290,498;15,453;	401
raw_architecture_	2,769	17.1k	233	1	25				12	21,806;58,658;9,483,611;532,749;3,905,915;174,799;96,858;699,881;476,795;290,499;15,453;	395
raw_architecture_	2,769	17.1k	233	1	29				12	21,806;58,659;9,483,614;532,749;3,905,916;174,801;96,858;699,884;476,796;290,498;15,456;	486
raw_architecture_	2,769	17.1k	233	1	13				12	21,806;58,659;9,483,618;532,751;3,905,924;174,801;96,858;699,886;476,797;290,500;15,456;	835
raw_architecture_	2,769	17.1k	233	1	29				12	21,807;58,662;9,483,626;532,751;3,905,926;174,801;96,858;699,888;476,799;290,500;15,458;3;	613
raw_architecture_	2,769	17.1k	233	0	12				12	21,806;58,661;9,483,629;532,752;3,905,924;174,801;96,858;699,898;476,803;290,503;15,458;	421
raw_architecture_	2,769	17.1k	233	0	14				12	21,807;58,663;9,483,629;532,753;3,905,927;174,801;96,858;699,899;476,805;290,504;15,459;4;	414
raw_architecture_	2,769	17.1k	233	0	15				12	21,806;58,663;9,483,638;532,754;3,905,930;174,801;96,859;699,902;476,809;290,504;15,459;	431
raw_architecture_	2,769	17.1k	233	0	27				12	21,806;58,663;9,483,652;532,754;3,905,931;174,801;96,859;699,906;476,812;290,505;15,459;	715
raw_architecture_	2,769	17.1k	233	0	7				12	21,806;58,663;9,483,661;532,754;3,905,925;174,802;96,859;699,912;476,817;290,507;15,459;	529
raw_architecture_	2,769	17.1k	233	0	13				12	21,807;58,663;9,483,668;532,755;3,905,931;174,802;96,859;699,913;476,818;290,507;15,459;3;	857
raw_architecture_	2,769	17.1k	233	0	18				12	21,806;58,663;9,483,676;532,757;3,905,935;174,802;96,859;699,913;476,817;290,509;15,459;	556
raw_architecture_	2,769	17.1k	233	0	9				12	21,806;58,664;9,483,680;532,757;3,905,938;174,803;96,859;699,918;476,819;290,512;15,460;	604
raw_architecture_	2,769	17.1k	233	0	16				12	21,808;58,665;9,483,688;532,757;3,905,944;174,803;96,859;699,917;476,818;290,513;15,460;	869
raw_architecture_	2,769	17.1k	233	1	16				12	21,807;58,668;9,483,699;532,757;3,905,948;174,803;96,859;699,924;476,823;290,512;15,460;	506
slvh7	1,640	43.9k	537	0	13				0		1,837
slvh7	1,640	43.9k	537	0	9				0		956
slvh7	1,640	43.9k	537	0	6				0		2,165
slvh7	1,640	43.9k	537	0	6				0		1,951
slvh7	1,640	43.9k	537	0	17				0		2,115
slvh7	1,640	43.9k	537	0	14				0		1,117
konditionsportsmedia	5,087	37.3k	3,888	0	2				10	4,060;35,297;1,625;6,458;6,613;69,379;63;	38
konditionsportsmedia	5,087	37.3k	3,888	0	1				9	36;4,060;35,297;1,625;6,458;6,613;69,379;	96
ourcolourdays	1,092	106k	184	0	5				30	191,090;13,335;18,286,590;61,173,380;19,560,286;91,340;191,090;296,240;258,053;10,995;399,138;280,849;150,388;1,655,379;81,929;1,365,359;23,046,000;1,016,669;8,415,397;1,186,079;5,407,521;235,673;268,643;1,890,406;38,833;6,577,980;571,840;716,797;4,875,809;	2,933
ourcolourdays	1,092	106k	184	0	20				30	191,091;13,336;471,842;61,173,452;418,435;91,342;191,091;296,240;1,282,408;10,995;399,139;280,850;150,388;1,655,380;81,929;1,365,360;23,046,051;1,016,669;8,415,401;4,461;5,407,526;235,673;268,643;1,890,409;38,833;3,836,071;3,570,770;4,171,037;20,365,134;	6,521
ourcolourdays	1,092	106k	184	0	3				30	191,093;3,776,733;471,844;61,173,529;418,439;540,088;191,093;296,241;1,282,421;10,995;399,140;280,852;150,390;1,655,380;81,931;1,365,362;197,701;1,016,670;8,415,409;4,461;178,148;235,673;268,643;1,890,410;38,833;3,836,084;1,495,356;4,171,058;20,365,183;	5,180
ourcolourdays	1,092	106k	184	0	3				30	191,093;13,336;18,286,718;61,173,589;19,560,346;91,342;191,093;296,242;258,053;10,995;399,140;280,853;150,390;1,655,380;81,931;1,365,362;23,046,129;1,016,669;8,415,410;1,186,082;5,407,535;235,673;268,643;1,890,412;38,833;6,578,006;571,847;716,802;4,875,837;	4,318
ourcolourdays	1,092	106k	184	0	2				30	191,092;10;3,776,760;471,851;61,173,633;1,289,300;540,088;191,093;296,242;716,802;166,570;399,142;280,853;150,390;1,655,381;81,932;6,080,118;197,701;73,480;8,415,419;4,462;178,150;9,919;268,644;2,659,858;2,532,102;3,836,103;1,495,357;4,171,073;20,365,244;	7,242
ourcolourdays	1,092	106k	184	0	6				30	191,093;3,776,776;488,996;61,173,719;1,289,303;540,085;191,092;296,242;79,934;166,571;399,141;280,854;150,390;1,655,383;81,932;6,080,127;197,701;73,480;811,213;4,462;178,152;9,919;268,644;2,659,869;2,532,107;3,836,119;1,495,356;4,171,081;403,420;	7,532
ourcolourdays	1,092	106k	184	0	2				23	191,094;7;929;18,286,854;61,173,794;19,560,371;91,344;35,673;296,241;258,054;512,327;399,141;280,855;150,390;189,852;81,932;6,326,568;23,046,233;1,016,669;75,178;688,929;661,091;326,328;	4,406
ourcolourdays	1,092	106k	184	0	4				23	191,094;17;929;18,286,901;61,173,836;19,560,396;91,344;35,673;296,241;258,054;512,327;399,141;280,855;150,390;189,852;81,932;1,365,367;23,046,256;1,016,670;75,178;1,186,083;661,094;235,675;	3,458
ourcolourdays	1,092	106k	184	0	2				23	191,094;14;929;18,286,930;61,173,878;19,560,407;91,344;35,673;296,241;258,054;512,327;399,142;280,855;150,390;189,852;4,171,104;1,365,367;23,046,274;1,016,670;8,936,377;438,184;661,096;235,675;	4,750
ourcolourdays	1,092	106k	184	0	13				23	191,094;929;18,286,942;61,173,926;19,560,428;91,344;35,673;296,241;258,055;512,327;399,142;280,855;150,390;189,852;81,932;6,326,598;23,046,298;1,016,673;75,179;688,931;661,096;326,330;	6,538
ourcolourdays	1,092	106k	184	0	7				23	191,094;5;930;18,286,986;61,173,998;19,560,447;91,345;35,673;296,241;258,056;512,326;399,143;280,855;150,390;189,852;81,932;1,365,367;23,046,332;1,016,673;75,179;1,186,090;661,096;235,676;	3,313
ourcolourdays	1,092	106k	184	0	17				23	191,094;929;18,287,013;61,174,052;19,560,466;91,344;35,673;296,242;258,056;512,328;399,143;280,856;150,391;189,853;4,171,132;1,365,370;23,046,357;1,016,674;8,936,398;438,184;661,099;235,676;	6,471
6xn6	3,281	136k	507	0	0				0		122
6xn6	3,281	136k	507	0	4				0		1,024
6xn6	3,281	136k	507	0	0				0		175
mattyjameshopkins	68	10.4k	620	1	5				0		867
mattyjameshopkins	68	10.4k	620	1	2				0		1,883
mattyjameshopkins	68	10.4k	620	1	4				0		2,296
mattyjameshopkins	68	10.4k	620	1	2				0		1,763
mattyjameshopkins	68	10.4k	620	1	3				0		1,420
mattyjameshopkins	68	10.4k	620	1	2				0		1,384
mattyjameshopkins	68	10.4k	620	1	4				0		2,203
mattyjameshopkins	68	10.4k	620	1	2				0		2,163
mattyjameshopkins	68	10.4k	620	1	3				0		1,662
mattyjameshopkins	68	10.4k	620	1	1				0		2,189
mattyjameshopkins	68	10.4k	620	1	4				0		1,542
mattyjameshopkins	68	10.4k	620	1	1				0		1,095
mattyjameshopkins	68	10.4k	620	1	1				0		1,835
mattyjameshopkins	68	10.4k	620	1	3				0		1,734
mattyjameshopkins	68	10.4k	620	1	1				0		1,603
mattyjameshopkins	68	10.4k	620	1	1				0		2,180
mattyjameshopkins	68	10.4k	620	1	3				0		1,297
mattyjameshopkins	68	10.4k	620	0	1				0		2,056
mattyjameshopkins	68	10.4k	620	1	8				0		1,870
mattyjameshopkins	68	10.4k	620	1	1				0		2,062
mattyjameshopkins	68	10.4k	620	1	8				0		1,444
mattyjameshopkins	68	10.4k	620	1	4				0		1,493
mattyjameshopkins	68	10.4k	620	1	1				0		1,481
mattyjameshopkins	68	10.4k	620	1	3				0		1,569
click_n_close	145	1,729	14	0	4				1	423;	165
click_n_close	145	1,729	14	0	1				1	427,048,846;	192
click_n_close	145	1,729	14	0	4				0		253
click_n_close	145	1,729	14	0	1				0		57
click_n_close	145	1,729	14	1	0				0		200
click_n_close	145	1,729	14	0	28				0		554
click_n_close	145	1,729	14	0	0				0		33
click_n_close	145	1,729	14	1	4				1	25,168;	264
click_n_close	145	1,729	14	0	0				1	4,356,513;	76
click_n_close	145	1,729	14	0	0				0		122
click_n_close	145	1,729	14	0	0				0		110
click_n_close	145	1,729	14	1	0				1	744,356;	74
click_n_close	145	1,729	14	1	2				0		202
click_n_close	145	1,729	14	0	0				0		122
click_n_close	145	1,729	14	0	6				0		336
click_n_close	145	1,729	14	1	2				0		171
click_n_close	145	1,729	14	0	1				0		205
click_n_close	145	1,729	14	1	3				3	10,149;1,689,786;26,530,437;	93
click_n_close	145	1,729	14	1	0				3	154;10,149;1,354;	218
click_n_close	145	1,729	14	1	1				3	25;154;1,689,787;	62
oceanoriyah	154	563	208	0	0				0		144
oceanoriyah	154	563	208	0	7				0		180
oceanoriyah	154	563	208	0	2				0		150
oceanoriyah	154	563	208	0	13				0		188
oceanoriyah	154	563	208	0	2				0		165
oceanoriyah	154	563	208	0	5				0		147
oceanoriyah	154	563	208	0	16				0		192
oceanoriyah	154	563	208	0	3				0		161
oceanoriyah	154	563	208	0	7				0		176
oceanoriyah	154	563	208	0	2				0		142
oceanoriyah	154	563	208	0	6				0		183
oceanoriyah	154	563	208	0	5				0		181
oceanoriyah	154	563	208	0	0				0		170
oceanoriyah	154	563	208	0	4				0		145
oceanoriyah	154	563	208	0	1				0		149
oceanoriyah	154	563	208	0	3				0		166
oceanoriyah	154	563	208	0	7				0		158
oceanoriyah	154	563	208	0	2				0		134
oceanoriyah	154	563	208	0	6				0		185
oceanoriyah	154	563	208	0	19				0		178
oceanoriyah	154	563	208	0	5				0		158
oceanoriyah	154	563	208	0	1				0		148
oceanoriyah	154	563	208	0	1				0		158
oceanoriyah	154	563	208	0	5				0		164
oceanoriyah	154	563	208	0	3				0		154
oceanoriyah	154	563	208	0	12				0		137
oceanoriyah	154	563	208	0	13				0		148
andrewsofficial	917	14.9k	461	1	11				0		835
andrewsofficial	917	14.9k	461	1	10				0		845
andrewsofficial	917	14.9k	461	1	12				0		787
andrewsofficial	917	14.9k	461	1	9				0		1,292
andrewsofficial	917	14.9k	461	1	15				1	1,054,551;	455
andrewsofficial	917	14.9k	461	1	9				0		871
andrewsofficial	917	14.9k	461	1	2				0		696
andrewsofficial	917	14.9k	461	1	10				0		933
andrewsofficial	917	14.9k	461	1	13				0		713
andrewsofficial	917	14.9k	461	1	1				0		639
andrewsofficial	917	14.9k	461	1	4				2	1,817,663;5,997,940;	517
andrewsofficial	917	14.9k	461	1	5				0		1,729
andrewsofficial	917	14.9k	461	1	14				2	1,817,663;5,997,941;	674
andrewsofficial	917	14.9k	461	1	2				0		728
andrewsofficial	917	14.9k	461	1	12				0		1,033
andrewsofficial	917	14.9k	461	1	1				0		803
andrewsofficial	917	14.9k	461	1	8				0		830
andrewsofficial	917	14.9k	461	1	2				0		863
andrewsofficial	917	14.9k	461	1	7				0		1,003
andrewsofficial	917	14.9k	461	1	1				0		937
andrewsofficial	917	14.9k	461	1	1				0		740
andrewsofficial	917	14.9k	461	1	15				0		971
andrewsofficial	917	14.9k	461	1	15				0		1,233
andrewsofficial	917	14.9k	461	1	8				0		711
sek.ops	93	1,704	242	1	7				30	594,600;94,178;1,109,575;3,776,993;18,287,616;811,243;9,668,838;191,277;23,305,713;23,354;23,061,247;8,936,540;1,289,366;248,147;6,578,221;23,305,725;15,614,592;2,660,041;7,224,700;1,109,579;6,578,222;981,225;326,346;1,041,870;4,171,274;994,924;920,704;661,115;3,718,130;38,061;	768
sek.ops	93	1,704	242	1	8				30	594,600;94,178;1,109,581;3,777,007;18,287,665;811,245;9,668,855;191,277;23,305,770;23,354;23,061,276;8,936,560;1,289,366;248,147;6,578,227;23,305,777;15,614,622;2,660,046;7,224,701;1,109,584;6,578,228;981,229;326,346;1,041,874;4,171,286;994,926;920,704;661,118;3,718,136;38,061;	439
sek.ops	93	1,704	242	1	16				32	880;594,602;94,178;1,109,587;3,777,020;18,287,702;811,248;9,668,873;191,277;23,305,825;23,355;23,061,321;8,936,574;1,289,370;248,147;6,578,246;23,305,840;15,614,651;2,660,062;7,224,708;1,109,590;6,578,250;981,242;326,348;1,041,875;4,171,293;994,927;920,705;661,119;3,718,141;38,063;29,164;	749
sek.ops	93	1,704	242	1	11				30	594,604;94,179;1,109,592;3,777,037;18,287,745;811,252;9,668,899;191,278;23,305,898;23,355;23,061,356;8,936,584;1,289,376;248,150;6,578,264;23,305,908;15,614,682;2,660,077;7,224,719;1,109,594;6,578,268;981,249;326,349;1,041,876;4,171,307;994,926;920,705;661,119;3,718,152;38,065;	794
sek.ops	93	1,704	242	1	19				30	594,605;94,178;1,109,594;3,777,060;18,287,794;811,253;9,668,919;191,278;23,305,972;23,355;23,061,417;8,936,595;1,289,381;248,152;6,578,279;23,305,990;15,614,722;2,660,086;7,224,731;1,109,596;6,578,282;981,247;326,349;1,041,882;4,171,307;994,927;920,707;661,120;3,718,159;38,065;	408
sek.ops	93	1,704	242	1	14				31	594,606;94,178;1,109,599;3,777,092;18,287,849;811,254;9,668,952;191,278;23,306,073;23,355;23,061,466;8,936,613;1,289,381;248,153;6,578,303;23,306,093;15,614,771;2,660,102;7,224,740;1,109,600;6,578,302;981,251;326,351;1,041,886;4,171,318;994,927;920,711;661,126;3,718,170;38,065;9,894;	1,147
sek.ops	93	1,704	242	1	13				30	594,606;94,176;1,109,605;3,777,114;18,287,904;811,255;9,668,980;191,278;23,306,147;23,355;23,061,525;8,936,630;1,289,389;248,159;6,578,307;23,306,165;15,614,795;2,660,112;7,224,748;1,109,608;6,578,309;981,257;326,356;1,041,889;4,171,329;994,931;920,715;661,127;3,718,181;38,065;	769
sek.ops	93	1,704	242	1	11				32	594,606;94,175;1,109,609;3,777,134;18,287,945;811,256;9,669,006;191,278;23,306,213;23,355;23,061,580;8,936,641;1,289,395;248,162;6,578,317;23,306,231;320,078;2,660,120;7,224,753;1,109,609;6,578,318;981,257;326,355;1,041,891;4,171,344;994,934;920,716;661,128;3,718,193;38,066;2,462,515;41,641;	603
sek.ops	93	1,704	242	1	5				31	594,608;94,175;1,109,609;3,777,147;18,287,994;811,260;9,669,016;191,279;23,306,276;23,355;23,061,615;8,936,646;1,289,403;248,167;6,578,326;23,306,287;15,614,846;2,660,124;7,224,766;1,109,609;6,578,335;981,263;326,357;1,041,894;4,171,355;994,935;920,718;661,129;3,718,209;38,067;11,432;	1,893
sek.ops	93	1,704	242	1	19				31	594,609;94,175;1,109,612;3,777,162;18,288,031;811,261;9,669,033;191,279;23,306,343;23,355;23,061,668;8,936,670;1,289,406;248,168;6,578,350;23,306,347;15,614,882;2,660,130;7,224,771;1,109,614;6,578,357;981,267;326,359;1,041,898;4,171,369;994,938;920,721;661,132;3,718,218;38,067;29,167;	520
sek.ops	93	1,704	242	1	5				30	594,612;94,174;1,109,619;3,777,172;18,288,087;811,262;9,669,060;191,282;23,306,428;23,355;23,061,744;8,936,689;1,289,411;248,168;6,578,375;23,306,442;15,614,906;2,660,144;7,224,783;1,109,620;6,578,378;981,272;326,361;1,041,905;4,171,378;994,938;920,724;661,135;3,718,225;38,068;	568
sek.ops	93	1,704	242	1	13				30	594,616;94,174;1,109,623;3,777,188;18,288,121;811,270;9,669,081;191,282;23,306,511;23,355;23,061,783;8,936,705;1,289,414;248,170;6,578,394;23,306,529;15,614,939;2,660,150;7,224,787;1,109,623;6,578,394;981,272;326,363;1,041,908;4,171,386;994,940;920,723;661,135;3,718,236;38,069;	516
sek.ops	93	1,704	242	1	6				30	594,621;94,176;1,109,624;3,777,207;18,288,182;811,274;9,669,100;191,284;23,306,617;23,355;23,061,855;8,936,727;1,289,418;248,170;6,578,410;23,306,642;15,614,977;2,660,161;7,224,796;1,109,625;6,578,413;981,277;326,365;1,041,915;4,171,396;994,943;920,725;661,137;3,718,247;38,069;	841
sek.ops	93	1,704	242	1	8				33	594,623;94,176;1,109,628;3,777,235;18,288,227;811,276;9,669,122;191,284;23,306,693;23,355;23,061,911;8,936,752;1,289,426;248,173;6,578,433;23,306,716;15,615,000;2,660,166;7,224,810;1,109,630;6,578,438;981,276;326,370;1,041,921;4,171,408;994,946;920,724;661,138;3,718,263;38,069;670,584;320,082;1,335;	843
sek.ops	93	1,704	242	1	8				30	594,627;94,177;1,109,632;3,777,260;18,288,299;811,279;9,669,143;191,286;23,306,769;23,355;23,061,954;8,936,775;1,289,427;248,175;6,578,459;23,306,783;15,615,017;2,660,174;7,224,811;1,109,633;6,578,462;981,279;326,371;1,041,925;4,171,423;994,949;920,723;661,139;3,718,270;38,069;	543
sek.ops	93	1,704	242	1	5				29	594,632;94,177;1,109,634;3,777,270;18,288,326;811,281;9,669,152;191,286;23,306,835;23,355;23,061,959;8,936,785;1,289,428;248,176;6,578,472;23,306,852;15,615,005;2,660,179;7,224,817;1,109,637;6,578,472;981,281;326,373;1,041,930;4,171,430;994,951;920,724;661,139;3,718,277;	900
sek.ops	93	1,704	242	1	7				29	594,632;94,178;1,109,643;3,777,277;18,288,348;811,283;9,669,167;191,288;23,306,892;23,355;23,061,979;8,936,794;1,289,433;248,176;6,578,477;23,306,907;15,615,000;2,660,192;7,224,817;1,109,646;6,578,479;981,283;326,377;1,041,933;4,171,446;994,951;920,729;661,140;3,718,285;	447
sek.ops	93	1,704	242	1	12				31	594,636;94,178;1,109,647;3,777,287;18,288,366;811,285;9,669,174;191,288;23,306,944;23,355;23,061,996;8,936,798;1,289,432;248,177;6,578,479;23,306,954;15,614,995;2,660,198;320,085;1,109,648;670,594;981,283;326,380;1,041,937;4,171,450;994,953;920,730;661,142;3,718,289;1,335;38,069;	551
sek.ops	93	1,704	242	1	17				30	594,637;94,178;373,888;3,777,295;18,288,395;811,286;9,669,185;191,290;23,307,005;23,355;23,062,027;8,936,817;1,289,444;248,179;6,578,493;23,307,016;15,615,007;2,660,207;7,224,817;1,109,655;6,578,494;981,291;326,381;1,041,946;471,932;994,956;920,731;3,718,291;4,171,464;661,143;	557
sek.ops	93	1,704	242	1	13				28	594,647;94,179;670,598;3,777,301;18,288,438;811,289;9,669,192;191,291;23,307,082;23,355;23,062,097;8,936,823;1,289,450;248,182;6,578,503;23,307,099;15,615,044;2,660,218;7,224,827;1,109,663;320,088;981,295;326,385;1,041,951;4,171,469;1,335;920,732;3,718,300;	2,158
sek.ops	93	1,704	242	1	5				30	594,650;94,179;373,890;3,777,309;18,288,479;811,289;9,669,202;191,292;23,307,161;23,355;23,062,149;8,936,841;1,289,455;248,182;6,578,520;23,307,172;15,615,079;2,660,227;7,224,838;1,109,667;6,578,520;981,307;326,387;1,041,955;471,944;994,960;920,738;6,080,584;3,718,305;4,171,478;	541
sek.ops	93	1,704	242	1	7				0		625
sek.ops	93	1,704	242	1	3				30	594,650;94,179;471,944;3,777,315;18,288,516;811,290;9,669,221;191,292;23,307,234;23,355;23,062,213;8,936,866;1,289,460;248,184;4,938,320;23,307,242;15,615,111;2,660,244;1,109,667;320,089;6,670;661,150;326,390;1,041,956;4,171,486;920,739;3,718,317;3,571,273;1,282,681;12,321;	767
sek.ops	93	1,704	242	1	6				0		350
jrodcaptures	1,159	2,474	607	1	8				12	893,061;887,048;1,311,747;2,462,609;622,242;22,954,648;422,303;2,234,592;2,660,252;23,307,317;6,054,174;3,327,396;	214
jrodcaptures	1,159	2,474	607	1	14				14	893,061;1,049,639;419,202;8,038;3,327,701;43,229,584;6,418,397;988,946;22,954,652;887,049;670,495;23,307,352;5,608,390;6,476,954;	476
jrodcaptures	1,159	2,474	607	1	22				12	893,061;1,049,636;419,204;22,954,653;8,038;3,327,700;43,229,594;988,946;887,049;670,495;23,307,388;646,714;	284
jrodcaptures	1,159	2,474	607	1	15				10	4,339;893,061;8,038;3,327,701;43,229,610;988,946;22,954,658;887,049;670,495;23,307,448;	376
jrodcaptures	1,159	2,474	607	1	15				11	1,049,644;419,204;893,061;8,038;3,327,701;43,229,613;988,946;22,954,670;887,049;670,495;23,307,494;	473
jrodcaptures	1,159	2,474	607	1	7				9	25,732;56,597;194,956;12,347;171,740;72,279,636;13,610,705;169,362,432;6,349;	277
jrodcaptures	1,159	2,474	607	1	13				15	26,143;1,108;1,311,749;988,946;2,557,444;112,379;265,062;973,788;837,115;324,497;333,657;138,433;695,676;3,327,701;800,691;	387
jrodcaptures	1,159	2,474	607	1	4				31	38,071;407,887;617,676;2,234,592;77,545;4,400,761;3,327,701;1,050,892;323,530;1,359,054;701,087;620,685;4,400,765;973,791;310;309,711;857,045;1,311,752;249,822;533,623;701,087;837,116;142,758;1,162,138;757,920;1,004,433;186,555;903,824;6,080,103;412,473;249,255;	185
jrodcaptures	1,159	2,474	607	1	12				12	893,060;9,537;988,948;800,692;1,655,643;200,352;2,119,244;1,191,568;4,955,867;433,435;342,097;113,166;	282
jrodcaptures	1,159	2,474	607	1	5				9	893,060;25,732;56,597;19,539;194,956;12,347;171,740;72,280,110;13,610,832;	274
jrodcaptures	1,159	2,474	607	1	7				12	893,060;140,008;2,126;78,184;16,791;5,288,345;3,619,632;1,116,716;328,716;381,939;1,173,272;420,647;	260
jrodcaptures	1,159	2,474	607	1	4				10	893,062;7,267,258;86,500;19,917;253,906;1,913,165;3,619,630;381,939;1,173,272;420,647;	168
jrodcaptures	1,159	2,474	607	1	18				13	38,071;800,692;988,948;2,557,448;112,379;9,210;1,328,485;1,114,941;615,844;291,586;594,661;652,335;157,714;	292
jrodcaptures	1,159	2,474	607	1	10				15	893,062;26,143;988,950;2,557,450;112,379;581,478;882,633;265,063;973,800;1,311,756;333,659;138,436;695,681;3,327,702;800,690;	345
jrodcaptures	1,159	2,474	607	1	18				12	893,062;11,305;22,420;718,269;1,220;3,253;3,597,937;887,050;988,951;800,690;12,347;171,740;	309
jrodcaptures	1,159	2,474	607	1	14				15	893,062;140,007;2,126;1,655,648;200,357;1,191,581;78,184;16,791;5,288,343;3,619,634;1,116,717;328,716;381,938;1,173,274;420,648;	502
jrodcaptures	1,159	2,474	607	1	18				12	893,062;164,751;38,887;911,826;661,278;917,604;1,311,758;3,327,705;581,479;882,635;265,064;1,408;	312
jrodcaptures	1,159	2,474	607	1	17				16	893,062;21,042;14,967;54,200,113;7,550,782;194,956;857,046;480,172;6,054,279;171,740;1,241,268;213,644;594,198;1,519,676;681,923;68,103;	317
jrodcaptures	1,159	2,474	607	1	4				11	893,065;868,083;299,169;434,179;25,731;857,046;194,956;310;171,740;6,054,283;1,311,760;	332
jrodcaptures	1,159	2,474	607	1	4				12	38,071;166,315;54,144;4,094,972;1,190,625;800,689;988,952;2,557,449;112,379;581,483;882,640;3,327,704;	238
jrodcaptures	1,159	2,474	607	1	20				15	893,065;11,305;3,253;3,597,952;887,054;988,952;800,689;1,655,658;200,361;2,119,258;1,191,596;4,955,939;433,441;342,107;113,167;	316
jrodcaptures	1,159	2,474	607	1	16				18	893,066;26,143;8,150;988,952;2,557,449;112,379;581,484;882,641;265,064;973,825;837,129;324,499;333,658;138,439;695,683;3,327,705;800,688;893,066;	294
jrodcaptures	1,159	2,474	607	1	16				16	893,066;190;78,184;16,791;5,288,337;3,619,634;1,116,722;328,715;381,938;162,745;40,800;1,173,275;126,918;2,835;4,727;420,647;	219
jrodcaptures	1,159	2,474	607	1	15				19	3,327,706;82,550;3,932;6,418,548;7,267,254;253,906;1,913,169;78,185;16,791;5,288,336;3,619,634;1,116,723;328,715;381,938;162,745;40,800;1,173,276;4,727;420,647;	618
weekly_feature	5,645	125k	720	1	10				30	1,670,779;3,571,474;15,429;2,158,929;471,651;418,368;3,592,407;139,164;489,093;2,660,392;1,088,037;1,109,728;4,955,954;811,323;2,760,310;69,272;9,149,355;570,197;6,160,510;22,438;20,656;4,171,667;10,167,617;1,477,525;9,669,498;74,625;2,884,213;7,208,865;18,289,272;	1,521
weekly_feature	5,645	125k	720	1	8				30	1,670,784;3,571,500;15,429;2,158,931;471,652;418,370;3,592,412;139,164;489,096;2,660,405;1,088,039;1,109,739;4,955,959;811,326;2,760,318;69,272;9,149,389;570,200;6,160,509;22,439;20,658;4,171,675;10,167,629;1,477,530;9,669,500;74,628;2,884,214;7,208,880;18,289,316;	3,865
weekly_feature	5,645	125k	720	0	6				30	1,670,788;3,571,510;15,429;2,158,933;471,651;418,370;3,592,414;139,164;489,099;2,660,414;1,088,042;1,109,744;4,955,960;811,330;2,760,319;69,272;9,149,419;570,203;6,160,514;22,439;20,658;4,171,694;10,167,636;1,477,536;9,669,514;74,628;2,884,225;7,208,893;18,289,383;	3,032
weekly_feature	5,645	125k	720	0	6				30	1,670,791;6;3,571,524;15,429;2,158,934;471,654;418,370;3,592,417;139,164;489,098;2,660,423;1,088,042;1,109,750;4,955,970;811,332;2,760,321;69,274;9,149,452;570,205;6,160,522;22,439;20,659;4,171,711;10,167,645;1,477,542;9,669,530;74,630;2,884,228;7,208,902;18,289,442;	3,773
weekly_feature	5,645	125k	720	0	7				30	1,670,796;3,571,526;15,429;2,158,938;471,654;418,370;3,592,420;139,164;489,093;2,660,429;1,088,044;1,109,758;4,955,975;811,333;2,760,322;69,274;9,149,487;570,206;6,160,526;22,439;20,659;4,171,728;10,167,649;1,477,549;9,669,550;74,630;2,884,234;7,208,907;18,289,479;	4,178
weekly_feature	5,645	125k	720	1	9				30	1,670,797;3,571,537;15,429;2,158,941;471,655;418,371;3,592,425;139,163;489,094;2,660,438;1,088,044;1,109,760;4,955,977;811,333;2,760,325;69,275;9,149,520;570,207;6,160,531;22,439;20,659;4,171,748;10,167,653;1,477,551;9,669,579;74,630;2,884,244;7,208,924;18,289,529;	5,524
weekly_feature	5,645	125k	720	1	9				30	1,670,803;3,571,558;15,429;2,158,945;471,654;418,372;3,592,428;139,163;489,095;2,660,455;1,088,049;1,109,765;4,955,983;811,334;2,760,328;69,275;9,149,546;570,207;6,160,535;22,439;20,659;4,171,764;10,167,652;1,477,551;9,669,598;74,630;2,884,254;7,208,943;18,289,588;	3,314
weekly_feature	5,645	125k	720	1	8				30	1,670,807;3,571,568;15,429;2,158,952;471,657;418,375;3,592,433;139,165;489,100;2,660,475;1,088,050;1,109,769;4,955,997;811,332;2,760,332;69,276;9,149,562;570,210;6,160,545;22,439;20,659;4,171,779;10,167,658;1,477,552;9,669,617;74,630;2,884,261;7,208,961;18,289,654;	3,339
weekly_feature	5,645	125k	720	1	12				30	1,670,808;7;3,571,578;15,430;2,158,954;471,657;418,375;3,592,441;139,166;489,103;2,660,486;1,088,051;1,109,770;4,956,008;811,333;2,760,335;69,276;9,149,580;570,215;6,160,557;22,439;20,659;4,171,790;10,167,666;1,477,551;9,669,630;74,632;2,884,270;7,208,975;18,289,689;	4,113
weekly_feature	5,645	125k	720	0	6				30	1,670,811;1;3,571,591;15,430;2,158,952;471,657;418,377;3,592,452;139,166;489,103;2,660,499;1,088,053;1,109,776;4,956,017;811,330;2,760,335;69,276;9,149,609;570,217;6,160,561;22,439;20,659;4,171,793;10,167,674;1,477,557;9,669,641;74,632;2,884,280;7,208,987;18,289,739;	2,911
weekly_feature	5,645	125k	720	1	6				30	1,670,818;6;3,571,614;15,431;2,158,956;471,659;418,378;3,592,456;139,166;489,106;2,660,516;1,088,053;1,109,784;4,956,025;811,333;2,760,339;69,276;9,149,630;570,225;6,160,560;22,439;20,659;4,171,805;10,167,681;1,477,564;9,669,659;74,635;2,884,285;7,209,007;18,289,798;	4,082
weekly_feature	5,645	125k	720	1	10				30	1,670,821;3,571,629;15,431;2,158,963;471,660;418,379;3,592,463;139,167;489,108;2,660,530;1,088,055;1,109,793;4,956,033;811,337;2,760,342;69,276;9,149,635;570,226;6,160,566;22,439;20,659;4,171,824;10,167,686;1,477,574;9,669,670;74,635;2,884,292;7,209,015;18,289,835;	6,110
noelbrady_	1,406	15.8k	2,174	0	0				23	14,423,648;726;5,726,360;409,697;2,966,667;32,314;43,230,020;36,055;407,888;2,234,598;46,605,211;750,673;329;837,154;973,863;217,735;185,546;5,726,368;1,173,278;286,806;5,608,907;754,046;998,508;	464
noelbrady_	1,406	15.8k	2,174	0	3				23	14,423,663;5,726,374;409,699;2,966,669;726;944;2,234,598;1,359,059;3,125,983;286,806;6,694,751;11,757,253;46,605,264;750,675;174,240;5,407,693;3,076,000;2,660,552;13,446;785,483;5,608,926;754,047;998,509;	1,333
noelbrady_	1,406	15.8k	2,174	0	0				19	754,047;5,608,931;185,548;87,338;32,314;409,700;2,966,666;149,790;785,484;286,806;43,230,049;2,234,598;407,888;1,359,059;3,125,997;6,694,762;66,850;998,511;174,241;	527
noelbrady_	1,406	15.8k	2,174	0	1				11	221,809;5,726,393;2,966,669;409,700;149,790;785,486;32,314;46,605,337;5,608,950;754,054;87,339;	885
noelbrady_	1,406	15.8k	2,174	0	1				10	785,488;5,726,396;149,791;3,126,004;221,809;14,423,713;409,701;2,966,674;87,339;32,314;	418
noelbrady_	1,406	15.8k	2,174	0	1				9	3,126,011;221,809;2,966,673;14,423,717;5,726,403;149,790;785,489;726;46,605,383;	455
noelbrady_	1,406	15.8k	2,174	0	1				18	973,868;329;221,809;2,966,674;5,726,407;409,703;2,966,675;773;785,489;785,489;43,230,074;3,327,707;286,806;190,277;1,359,059;2,204,071;46,605,399;750,675;	695
noelbrady_	1,406	15.8k	2,174	0	0				19	2,966,681;409,703;3,126,028;221,809;3,327,708;43,230,077;36,055;2,234,599;407,889;46,605,419;409,704;2,966,681;5,726,423;149,790;785,490;837,159;329;973,870;217,737;	898
noelbrady_	1,406	15.8k	2,174	0	1				13	190,278;1,359,059;3,126,035;221,809;2,966,684;3,327,706;286,806;46,605,438;750,677;5,726,432;409,705;726;2,966,684;	318
noelbrady_	1,406	15.8k	2,174	0	0				15	1,359,059;3,126,044;221,809;2,966,686;3,327,708;14,423,779;2,966,687;5,726,439;409,705;32,314;149,790;785,492;174,240;1,913,169;286,806;	911
noelbrady_	1,406	15.8k	2,174	0	2				18	14,423,789;409,705;32,314;726;221,808;3,126,055;2,966,687;3,327,708;286,806;43,230,069;2,234,600;36,055;46,605,497;157,303;1,359,059;6,694,805;1,602,183;174,241;	687
noelbrady_	1,406	15.8k	2,174	0	21				20	13,918;2,673,626;66,850;3,327,709;286,806;1,913,170;5,726,456;409,705;2,966,690;149,792;221,807;32,314;785,494;11,823,090;1,359,059;3,126,064;6,694,814;2,204,103;928,798;8,818,401;	900
noelbrady_	1,406	15.8k	2,174	0	14				20	3,327,712;16,629,356;5,609,012;46,605,610;14,423,831;409,707;5,726,472;2,966,697;149,792;32,314;1,359,060;3,126,073;6,694,829;2,204,113;13,446;5,609,014;754,065;750,680;157,303;2,673,630;	1,198
noelbrady_	1,406	15.8k	2,174	0	19				13	3,327,711;16,629,386;5,609,027;754,065;2,234,602;14,423,855;2,453,623;5,726,491;2,966,703;149,792;785,502;185,557;190,277;	937
noelbrady_	1,406	15.8k	2,174	0	5				17	16,629,397;5,609,039;754,068;2,234,602;407,889;14,423,879;5,726,508;409,708;2,966,704;785,505;994,232;837,163;329;973,888;217,745;1,173,278;3,327,711;	722
noelbrady_	1,406	15.8k	2,174	0	7				19	2,673,635;286,806;1,173,278;750,683;46,605,779;70,349;36,055;43,230,092;2,234,601;407,889;3,327,710;14,423,896;409,710;5,726,522;2,966,705;785,505;55,924;994,236;174,241;	1,798
noelbrady_	1,406	15.8k	2,174	0	2				19	286,806;1,913,170;14,423,906;409,711;5,726,529;32,314;2,966,710;185,559;149,794;1,173,277;3,327,709;174,242;43,230,083;407,889;2,234,600;754,072;5,609,066;16,629,416;70,349;	599
noelbrady_	1,406	15.8k	2,174	0	1				19	217,745;973,891;329;837,167;43,230,080;2,234,600;407,889;14,423,936;5,726,555;409,712;2,966,718;185,559;32,314;46,605,901;750,685;1,173,277;2,673,641;56,575,325;96,853;	734
noelbrady_	1,406	15.8k	2,174	0	18				28	2,204,156;6,694,888;3,126,137;2,673,642;1,173,277;14,423,955;409,713;5,726,564;2,966,727;149,794;185,559;1,070;174,241;11,823,249;46,605,941;837,167;329;973,894;217,745;750,687;5,609,091;754,078;5,407,718;200,399;8,139;18,290,388;536,461;44,866;	779
noelbrady_	1,406	15.8k	2,174	0	22				15	14,423,987;32,314;149,794;2,966,734;5,726,581;409,714;46,605,998;750,689;1,173,277;56,575,469;2,673,643;3,126,151;6,694,913;2,204,175;	787
noelbrady_	1,406	15.8k	2,174	0	1				19	1,913,170;2,204,180;6,694,926;3,126,160;190,277;286,806;953,136;174,242;200,399;8,139;14,424,017;409,718;3,327,707;185,559;32,314;149,796;2,966,745;221,811;46,606,067;	637
noelbrady_	1,406	15.8k	2,174	0	0				13	14,424,023;32,314;3,327,707;185,559;409,717;46,606,081;43,230,055;2,234,605;407,889;672;3,126,174;6,694,942;2,204,191;	984
disarmonico	1,011	52k	307	1	13				30	1,206;5,998,550;291,453;118,004;1,934,686;739,637;15,104,311;1,248,998;7,021,475;63,380,759;23,064,609;2,996,273;940,684;194,079;306,738;1,890,864;4,474,131;6,007,948;6,418,891;17,468,640;360,344;997,154;1,512,910;15,464,026;6,801,424;9,149,906;1,795,061;1,162,249;769,907;1,411,261;	2,397
disarmonico	1,011	52k	307	1	10				30	18,556,931;18,654,949;1,934,693;739,638;15,104,350;1,248,999;7,021,490;63,380,924;23,064,659;2,996,279;940,690;194,079;306,738;1,890,867;4,474,150;6,007,956;6,418,897;17,468,677;360,344;997,159;1,512,912;15,464,069;6,801,433;9,149,926;1,795,068;1,162,254;769,913;1,411,261;1,484,333;801,080;	2,304
disarmonico	1,011	52k	307	1	9				30	18,556,955;18,654,968;1,934,698;739,642;15,104,376;1,249,002;7,021,507;63,381,059;23,064,714;2,996,288;940,699;194,078;306,737;1,890,871;4,474,169;6,007,965;6,418,914;17,468,708;360,344;997,165;1,512,914;15,464,103;6,801,432;9,149,938;1,795,076;1,162,255;769,913;1,411,263;1,484,338;801,083;	1,862
disarmonico	1,011	52k	307	1	8				30	18,556,993;18,654,987;1,934,699;739,643;15,104,407;1,249,009;7,021,523;63,381,158;23,064,780;2,996,297;940,707;194,078;306,738;1,890,875;4,474,183;6,007,979;6,418,924;17,468,746;360,344;997,165;1,512,916;15,464,144;6,801,444;9,149,962;1,795,082;1,162,260;769,918;1,411,271;1,484,343;801,086;	1,831
disarmonico	1,011	52k	307	1	8				30	291,455;118,003;1,934,704;739,646;15,104,434;1,249,013;7,021,533;63,381,321;23,064,826;2,996,301;940,713;194,079;306,741;1,890,878;4,474,196;6,007,999;6,418,929;17,468,775;360,344;997,170;1,512,916;15,464,168;6,801,449;9,149,983;1,795,092;1,162,263;769,919;1,411,274;1,484,345;801,086;	2,053
disarmonico	1,011	52k	307	1	2				29	209,271;4,624,078;1,181;9,218,767;112,135;9,035;11,680;55,981;357,645;1,699,282;3,799,369;9,551,644;385,999;1,795,097;4,150,971;1,267,974;25,646,665;1,162,860;769,919;15,692;15,464,215;1,484,352;1,162,269;360,346;23,310,711;25,646,668;705,779;3,595,214;1,449,000;	1,918
disarmonico	1,011	52k	307	1	9				30	18,557,118;18,655,089;1,934,712;739,647;15,104,520;1,249,021;7,021,542;63,381,587;23,064,945;2,996,311;940,722;194,076;306,739;1,890,885;4,474,224;6,008,031;6,418,956;17,468,823;360,346;997,174;1,512,921;15,464,253;6,801,454;9,150,024;1,795,102;1,162,273;769,922;1,411,275;1,484,356;801,091;	2,093
disarmonico	1,011	52k	307	1	8				30	18,557,145;18,655,122;1,934,714;739,649;15,104,561;1,249,024;7,021,556;63,381,711;23,064,981;2,996,319;940,722;194,076;306,739;1,890,890;4,474,234;6,008,048;6,418,979;17,468,859;360,347;997,176;1,512,925;15,464,279;6,801,460;9,150,045;1,795,114;1,162,278;769,924;1,411,275;1,484,358;801,094;	2,742
disarmonico	1,011	52k	307	1	10				30	18,557,182;18,655,145;1,934,719;739,650;15,104,590;1,249,028;7,021,570;63,381,854;23,065,029;2,996,330;940,720;194,075;306,738;1,890,895;4,474,248;6,008,072;6,418,995;17,468,901;360,347;997,178;1,512,926;15,464,316;6,801,463;9,150,077;1,795,120;1,162,281;769,926;1,411,277;1,484,363;801,100;	2,343
disarmonico	1,011	52k	307	1	9				30	18,557,216;18,655,180;1,934,723;739,653;15,104,632;1,249,029;7,021,593;63,382,010;23,065,092;2,996,339;940,722;194,075;306,738;1,890,899;4,474,262;6,008,104;6,419,015;17,468,931;360,347;997,184;1,512,935;15,464,346;6,801,465;9,150,107;1,795,120;1,162,284;769,932;1,411,291;1,484,374;801,104;	2,880
disarmonico	1,011	52k	307	1	9				30	18,557,238;18,655,214;1,934,729;739,657;15,104,671;1,249,039;7,021,606;63,382,172;23,065,145;2,996,348;940,726;194,075;306,737;1,890,908;4,474,276;6,008,115;6,419,019;17,468,983;360,347;997,184;1,512,936;15,464,391;6,801,466;9,150,121;1,795,135;1,162,287;769,931;1,411,298;1,484,379;801,108;	2,496
disarmonico	1,011	52k	307	1	15				30	18,557,263;18,655,239;1,934,736;739,660;15,104,702;1,249,044;7,021,613;63,382,314;23,065,205;2,996,349;940,731;194,075;306,741;1,890,914;4,474,279;6,008,138;6,419,026;17,469,019;360,347;997,188;1,512,938;15,464,435;6,801,476;9,150,146;1,795,142;1,162,294;769,936;1,411,307;1,484,381;801,108;	2,477
disarmonico	1,011	52k	307	1	1				29	209,273;4,624,129;1,181;9,218,909;112,137;9,036;11,680;55,982;357,649;1,699,324;3,799,400;9,551,827;386,021;1,795,146;4,151,098;1,267,990;25,646,900;1,162,903;769,939;15,693;15,464,494;1,484,383;1,162,301;360,349;23,311,242;25,646,913;705,804;3,595,241;1,449,021;	1,815
disarmonico	1,011	52k	307	1	0				29	209,273;4,624,136;1,181;9,218,941;112,137;9,036;11,680;55,982;357,649;1,699,326;3,799,405;9,551,846;386,024;1,795,155;4,151,107;1,267,996;25,646,942;1,162,907;769,943;15,693;15,464,519;1,484,386;1,162,305;360,349;23,311,291;25,646,945;705,806;3,595,241;1,449,024;	2,115
disarmonico	1,011	52k	307	1	1				29	209,275;4,624,145;1,181;9,218,948;112,137;9,036;11,680;55,982;357,650;1,699,330;3,799,413;9,551,870;386,023;1,795,159;4,151,116;1,268,001;25,646,959;1,162,908;769,945;15,693;15,464,545;1,484,390;1,162,311;360,350;23,311,349;25,646,965;705,809;3,595,244;1,449,025;	2,211
disarmonico	1,011	52k	307	1	10				29	209,275;4,624,148;1,181;9,218,960;112,137;9,036;11,680;55,982;357,651;1,699,336;3,799,419;9,551,895;386,025;1,795,164;4,151,127;1,268,004;25,646,973;1,162,911;769,944;15,693;15,464,574;1,484,394;1,162,309;360,352;23,311,399;25,646,984;705,809;3,595,243;1,449,028;	2,242
disarmonico	1,011	52k	307	1	3				4	61;79;156;5,998,751;	1,866
disarmonico	1,011	52k	307	1	0				29	209,276;4,624,156;1,181;9,218,983;112,137;9,036;11,680;55,982;357,651;1,699,344;3,799,430;9,551,925;386,030;1,795,175;4,151,149;1,268,012;25,647,022;1,162,920;769,948;15,693;15,464,613;1,484,397;1,162,311;360,354;23,311,489;25,647,035;705,812;3,595,246;1,449,030;	2,954
disarmonico	1,011	52k	307	1	2				29	209,277;4,624,163;1,181;9,219,008;112,137;9,036;11,680;55,982;357,654;1,699,347;3,799,432;9,551,943;386,034;1,795,178;4,151,169;1,268,024;25,647,065;1,162,930;769,952;15,693;15,464,654;1,484,404;1,162,314;360,355;23,311,545;25,647,070;705,814;3,595,246;1,449,032;	2,180
disarmonico	1,011	52k	307	1	11				29	209,276;4,624,172;1,181;9,219,021;112,137;9,036;11,680;55,982;357,654;1,699,354;3,799,436;9,551,959;386,039;1,795,185;4,151,178;1,268,032;25,647,095;1,162,933;769,958;15,693;15,464,682;1,484,406;1,162,321;360,356;23,311,604;25,647,106;705,817;3,595,247;1,449,033;	1,619
