user	postsNum	followersNum	followingNum	hasLocation	AtUserNum	AtUserPostsNum	AtUserFollowerNum	AtUserFollowingNum	hashTagNum	hashTagPostsNum	likeNum
instylemagazine	8,211	2m	1,008	0	11	154;178;247;8,211;339;1,758;132;154;2,063;63;2,063;	108m;49;703;2m;1,123;158;230;108m;67.8m;5m;67.8m;	0;567;746;1,008;638;461;455;0;379;41;379;	3	1,183,04639,583433,824	6,692
instylemagazine	8,211	2m	1,008	0	22	541;8;307;299;141;709;315;708;961;218;466;314;724;33;619;901;120;189;206;8;88;82;	28.1k;86;369;231;431;923;303;211;97;414;347;417;269;45;207;1,159;104;1,530;80;172;110;89;	698;310;405;448;838;2,371;381;172;513;1,104;557;835;352;416;308;574;106;894;557;224;502;160;	0		6,324
instylemagazine	8,211	2m	1,008	0	5	231;191;506;663;346;	1.2m;608;101;1,438;485;	0;753;564;1,357;784;	0		2,336
instylemagazine	8,211	2m	1,008	0	13	10;1,095;174;10;1,616;408;1,259;2;47;273;95;381;1,262;	473;1,036;263;473;3,721;246;10.1k;9;274;997;100;273;459;	770;1,084;247;770;1,620;158;553;122;824;825;288;558;5,921;	0		7,151
instylemagazine	8,211	2m	1,008	0	24	780;105;469;98;436;105;500;16;2,000;825;23;215;44;276;25;145;768;1,291;295;82;132;80;82;34;	479k;2,500;180;289;895;2,500;173;1,192;310;162;87;210;96;200;463;183;621;505;1,106;1,602;2,340;598;37;171;	943;48;391;372;841;48;464;999;209;961;163;380;100;1,072;577;1,056;2,532;891;1,637;619;1,168;185;139;499;	1	16,335,005	23,134
instylemagazine	8,211	2m	1,008	1	5	8,211;8,211;430;93;850;	2m;2m;1,513;268;296;	1,008;1,008;926;265;331;	0		2,679
instylemagazine	8,211	2m	1,008	0	30	1,059;1,181;1,704;1,065;117;69;81;355;1,685;45;539;223;878;645;585;552;435;0;861;0;477;332;310;310;36;932;3;824;201;5;	31.5k;275;363;164;185;503;425;819;359;270;876;355;686;750;252;463;49;4;701;44;134;107;185;185;134;189;82;166;312;106;	446;361;406;391;610;334;102;790;1,042;1,200;1,005;903;672;587;614;991;554;2;320;256;628;206;255;255;119;353;23;226;370;34;	2	1,183,115295	6,795
instylemagazine	8,211	2m	1,008	0	8	35;149;3,783;1;50;97;305;778;	305;80;25.1k;33;157;220;498;291;	524;239;1,011;177;140;254;526;354;	2	1,183,141182,564	100,178
instylemagazine	8,211	2m	1,008	0	10	3,509;177;1,281;785;1,894;588;34;15;172;919;	4.9m;136;381;872;385;1,644;5;170;2,004;3,387;	178;362;761;921;506;504;41;162;340;475;	1	1,183,148	258,277
instylemagazine	8,211	2m	1,008	0	17	189;78;78;96;689;1,030;972;935;140;1,247;2,002;524;394;108;260;269;101;	307;405;405;116;1,444;1,544;478;856;229;525;648;640;538k;941;459;209;391;	340;1,282;1,282;268;1,112;2,455;687;544;267;527;1,670;300;831;1,262;673;361;1,756;	2	1,183,158158,470	119,639
instylemagazine	8,211	2m	1,008	0	6	70;5,100;49;1,770;1,202;815;	428;18.4k;445;226;293;1,264;	431;2,100;1,170;881;277;7,505;	1	1,183,175	54,985
instylemagazine	8,211	2m	1,008	0	10	96;654;508;48;4;682;516;141;495;1,459;	724;473;177;93;23;397;92;630;324;4,566;	368;681;536;313;20;704;142;499;410;413;	1	1,183,185	71,415
instylemagazine	8,211	2m	1,008	0	9	15;6;104;0;80;11;378;9;82;	1,153;52;4,539;495;589;136;88;247;152;	1,065;51;47;589;448;483;108;317;556;	1	1,183,188	41,893
instylemagazine	8,211	2m	1,008	0	16	252;34;1,860;360;157;1,270;93;134;15;168;1,270;168;1,270;1,860;14;68;	364;2,517;1,666;1,617;123;57;120;6,005;161;3,695;57;3,695;57;1,666;390;169;	539;843;1,111;997;818;567;364;85;119;767;567;767;567;1,111;381;156;	1	1,183,206	207,674
instylemagazine	8,211	2m	1,008	0	6	203;203;1,433;13;15;3,783;	790;171;654;324;125;25.1k;	1,671;312;746;194;151;1,011;	1	1,183,223	29,244
instylemagazine	8,211	2m	1,008	0	8	1,712;2,927;12;656;589;577;77;3,783;	323k;10.4m;79;191;170;1,330;152;25.1k;	408;1;265;379;168;1,457;563;1,011;	1	1,183,233	35,956
instylemagazine	8,211	2m	1,008	0	26	825;534;243;821;1,587;132;407;252;133;292;395;133;723;69;44;87;32;287;86;271;1,964;395;292;304;932;119;	1.1m;271;318;616;696;392;1,391;318;358;494;490;358;454;126;1,059;375;131;288;272;278;1,440;490;494;545;179;505;	16;578;52;369;1,070;412;949;264;643;399;371;643;1,180;171;373;100;97;475;125;347;3,233;371;399;331;481;493;	2	1,183,2423,175,422	133,530
instylemagazine	8,211	2m	1,008	0	11	1,162;2,174;141;1;70;247;75;113;663;0;663;	8.2m;333k;646;551;305;902;134;245;245;2;245;	28;547;658;368;490;484;206;667;301;14;301;	1	1,183,268	26,202
chrissyteigen	3,285	17.2m	880	0	17	991;3,285;3,285;3,285;58;1,010;1,670;991;3,285;1,670;991;3,285;938;295;344;123;3,285;	508k;17.2m;17.2m;17.2m;163;561;1,195;508k;17.2m;1,195;508k;17.2m;202;213;215;174;17.2m;	979;880;880;880;327;599;4,088;979;880;4,088;979;880;321;221;448;173;880;	1	8	686,515
chrissyteigen	3,285	17.2m	880	0	9	1,481;213;93;117;134;53;3,285;384;310;	799;270;1,303;739;956;300;17.2m;306;98;	1,728;260;625;670;1,056;440;880;999;1,826;	0		3,403,873
chrissyteigen	3,285	17.2m	880	0	13	1,887;3,285;1,887;1,302;3,285;1,887;182;59;1,887;487;943;18;3,285;	265;17.2m;265;1.1m;17.2m;265;116;860;265;278;337;8,006;17.2m;	692;880;692;1,414;880;692;157;646;692;740;288;433;880;	0		941,202
chrissyteigen	3,285	17.2m	880	0	6	46;229;3,285;1,276;38;298;	18.4k;19.6k;17.2m;738;217;627;	35;247;880;901;286;542;	2	8301,140	1,062,971
chrissyteigen	3,285	17.2m	880	0	11	126;16;3,285;3,285;721;82;21;46;1,145;2,027;977;	910;685;17.2m;17.2m;690;140;795;5,210;1,225;537k;35.8k;	843;612;880;880;662;184;3,337;49;858;112;1,197;	0		589,555
chrissyteigen	3,285	17.2m	880	0	23	183;671;3,988;3,285;3,285;671;3,285;3,285;3,285;3,285;3,285;487;301;195;28;3,285;1,512;2,319;3,285;562;418;3,285;	78.3k;209;562k;17.2m;17.2m;209;17.2m;17.2m;17.2m;17.2m;17.2m;983;591;128;202;17.2m;288;610;17.2m;247;78;17.2m;	4,894;484;367;880;880;484;880;880;880;880;880;926;658;470;342;880;567;861;880;349;819;880;	0		623,770
chrissyteigen	3,285	17.2m	880	0	6	1,632;857;425;5;147;138;	18.8k;605;1,213;541;2,415;504;	280;851;858;515;373;462;	0		1,304,981
chrissyteigen	3,285	17.2m	880	0	8	2,236;211;27;189;57;73;1,851;17;	306k;394;126;365;674;932;919;82;	600;430;136;347;1,195;1,057;2,007;85;	1	15	440,717
chrissyteigen	3,285	17.2m	880	0	6	3,285;396;1,641;267;3,285;325;	17.2m;385;293k;1,092;17.2m;309;	880;652;811;3,371;880;468;	0		521,631
chrissyteigen	3,285	17.2m	880	0	13	178;173;73;601;244;7;3;25;84;36;518;607;94;	192;1,441;325;468;2,845;104;148;705;1,047;222;2,301;1,026;1,150;	280;882;380;640;859;102;195;685;809;216;709;527;1,072;	11	981,4889,325,16634,500151,104,2501,716,22739,034,795785,39096,0711,693,192707,385	934,602
chrissyteigen	3,285	17.2m	880	0	13	3,285;124;727;231;1,217;62;77;542;29;159;444;3,285;46;	17.2m;750;268;650;326;391;278;301;244;381;361;17.2m;355;	880;748;553;442;221;376;419;337;308;387;689;880;433;	1	981,489	930,707
chrissyteigen	3,285	17.2m	880	0	16	369;210;286;142;1,598;1,273;35;861;759;1,355;1,355;25;64;489;304;3,285;	801;383;213;1,143;3,818;700;188;807;642;1,646;1,646;109;125;250;1,565;17.2m;	712;1,309;342;928;1,325;672;347;860;754;911;911;108;45;475;1,080;880;	0		1,018,801
chrissyteigen	3,285	17.2m	880	0	11	1,309;1;15;4,348;1,353;1,118;2,833;1;34;207;1;	483k;3,735;517;111m;8.2m;239;2.2m;66;205;1,356;13;	1,218;0;132;120;401;436;297;148;142;820;85;	0		302,400
chrissyteigen	3,285	17.2m	880	0	10	3,285;108;7;3,139;10;7;3,285;152;307;1,869;	17.2m;174;945;1m;310;945;17.2m;187;12.1k;799;	880;401;669;100;619;669;880;529;4,859;1,023;	0		429,360
chrissyteigen	3,285	17.2m	880	0	14	4,457;5,980;252;188;33;220;1,309;2,403;26;3,139;3,139;452;357;37;	20.3m;2.3m;692;696;251;641;483k;2m;40;1m;1m;247;406;98;	455;294;588;1,174;1,086;493;1,218;1,136;176;100;100;455;992;1,186;	0		660,516
chrissyteigen	3,285	17.2m	880	0	7	1,840;367;209;336;81;26;896;	13.6k;58.3k;15;1,598;1,330;258;2,116;	924;107;172;1,953;735;278;727;	0		296,759
chrissyteigen	3,285	17.2m	880	0	10	1,840;483;1,353;3;3,285;3,285;387;3,285;77;55;	13.6k;409k;8.2m;7;17.2m;17.2m;1,509;17.2m;342;97;	924;43;401;3;880;880;1,443;880;562;174;	0		931,015
chrissyteigen	3,285	17.2m	880	0	21	3,066;421;141;592;3,139;665;1,869;643;688;429;53;1,050;13;381;13;1;628;105;3;914;807;	158k;906;137;451;1m;505;561;188;68;235;161;1,783;589;385;589;497k;21.9k;1,817;151;837;610;	194;851;144;322;100;496;2,093;173;116;259;306;255;1,153;209;1,153;124;10;1,339;182;691;2,181;	0		821,674
chrissyteigen	3,285	17.2m	880	0	23	808;973;808;40;194;108;279;66;711;277;711;181;229;153;862;4,678;112;794;126;7;161;174;1,580;	321;330;321;85;1,286;133;159;95;1,219;480;1,219;2,046;374;627;61;1,279;771;1,747;58;566;134;286;352;	729;502;729;237;272;185;313;396;886;489;886;838;510;477;89;7,503;792;2,803;89;448;172;629;386;	0		891,629
chrissyteigen	3,285	17.2m	880	0	15	1,632;3,285;5,980;516;642;10;516;746;297;136;824;8;2,816;824;187;	18.8k;17.2m;2.3m;597;851;49;597;283k;1,419;1,186;19.5k;10;1,279;19.5k;1,347;	280;880;294;510;869;296;510;890;707;905;434;12;1,632;434;1,043;	0		738,757
chrissyteigen	3,285	17.2m	880	0	7	395;136;61;324;1,038;3,285;1,353;	708;131;61;2,238;162k;17.2m;8.2m;	485;117;119;444;1,940;880;401;	0		484,934
yanismarshall	5,240	800k	772	1	11	3,661;3,661;3,661;2,415;198;263;421;5,240;3,661;263;789;	12.5m;12.5m;12.5m;12.5m;5,484;21.3m;184;800k;12.5m;21.3m;2,526;	248;248;248;349;2,639;2;365;772;248;2;1,835;	7	138215,12417,73216,312,25023,94111,120,4272	18,696
yanismarshall	5,240	800k	772	1	9	2,561;256;322;5,240;5,240;320;136;257;137;	715k;40.3k;62.2k;800k;800k;20.9m;467;1,373;401;	553;61;1,436;772;772;79;267;484;573;	6	8,08935,2661,137,9202,315945,187	12,842
yanismarshall	5,240	800k	772	1	9	3,423;5,240;300;29;29;3,423;300;221;230;	113k;800k;189;63;63;113k;189;4,735;1,284;	645;772;590;118;118;645;590;3,296;1,156;	3	18,214,0688,283256,659	1,472
yanismarshall	5,240	800k	772	1	10	236;504;5,240;229;3,388;1,589;5,240;320;86;230;	586;1,055;800k;1,455;11.1m;1,469;800k;20.9m;189;1,266;	598;1,423;772;1,274;145;647;772;79;848;1,608;	3	3,3623491,183,537	81,372
yanismarshall	5,240	800k	772	1	16	5,240;40;62;5,569;173;5,240;634;190;961;182;35;1,091;229;651;222;173;	800k;16.3k;4,853;1,186;303;800k;14.1k;16.1k;86.8k;1,791;225;27.9k;353;949;260;303;	772;100;1,538;1,877;588;772;1,460;67;544;936;342;816;223;447;410;588;	0		5,699
yanismarshall	5,240	800k	772	1	16	512;165;30;30;30;512;5,240;1,216;512;512;5,240;512;512;512;512;304;	5.1m;430;457;457;457;5.1m;800k;237;5.1m;5.1m;800k;5.1m;5.1m;5.1m;5.1m;381;	728;741;585;585;585;728;772;345;728;728;772;728;728;728;728;385;	0		38,315
yanismarshall	5,240	800k	772	1	3	1,813;10;314;	78.4k;137;139;	1,268;244;149;	0		13,721
yanismarshall	5,240	800k	772	1	4	1,813;5,240;5,240;5,240;	78.4k;800k;800k;800k;	1,268;772;772;772;	0		16,844
yanismarshall	5,240	800k	772	1	2	1,813;5,240;	78.4k;800k;	1,268;772;	0		9,381
yanismarshall	5,240	800k	772	1	7	1,813;5,240;5,240;145;256;1,967;0;	78.4k;800k;800k;269;40.3k;31.1k;8;	1,268;772;772;999;61;867;7;	0		19,447
yanismarshall	5,240	800k	772	1	13	6,726;231;70;219;336;70;350;209;216;77;77;854;137;	553k;434;410;242;2,131;410;267;93;2,070;257;257;1,230;70;	2,963;564;551;345;1,732;551;412;121;3,848;288;288;604;310;	1	12	21,595
yanismarshall	5,240	800k	772	1	1	5,240;	800k;	772;	1		25,449
yanismarshall	5,240	800k	772	1	12	146;757;5,240;501;79;367;146;125;367;501;5,240;54;	3,264;1,321;800k;314;156;98;3,264;389;98;314;800k;467;	874;1,075;772;949;273;348;874;876;348;949;772;569;	0		16,993
yanismarshall	5,240	800k	772	1	9	221;2,569;5,240;23;16;23;16;23;23;	4,735;162k;800k;221;274;221;274;221;221;	3,296;504;772;368;373;368;373;368;368;	0		15,460
yanismarshall	5,240	800k	772	1	19	1,823;15;47;406;50;153;562;153;978;646;277;456;2,761;82;1,362;45;79;45;151;	6.7m;489;191;125;279;237;626;237;531;678;554;711;251;549;509;213;136;336;445;	151;490;172;650;142;458;984;458;606;514;454;940;282;1,052;588;265;242;527;606;	9	1,095,86514,881,19711,286,7861,792,8305,67424,3721,9606231,488,351	22,915
freeform	8,164	912k	327	0	19	141;72;34;47;191;2,078;1,281;473;47;34;309;91;846;91;1,281;1,612;573;8;173;	782;434;493;733;297;692;806;304;733;493;238;86;172;86;806;522;255;167;645;	1,508;751;604;496;572;1,864;1,149;419;496;604;334;69;458;69;1,149;678;996;37;330;	1	132,617	1,633
freeform	8,164	912k	327	0	3	153;800;165;	1.9m;199;39.3k;	242;382;61;	1	4,403	2,098
freeform	8,164	912k	327	0	3	7,691;542;19;	1.2m;727k;15;	1,994;11;73;	1	76,522	2,022
freeform	8,164	912k	327	0	1	8,164;	912k;	327;	1	8,788,089	1,901
freeform	8,164	912k	327	0	24	869;478;3;27;81;27;206;571;1,220;4;172;68;144;1,282;31;454;52;71;69;321;303;151;335;35;	228;766;209;222;421;550;1,159;837;341;476;443;134;111;418;633;1,094;390;403;216;565;319;251;1,110;68;	62;749;269;440;576;496;1,093;1,005;1,360;471;374;144;194;372;379;915;325;303;319;848;161;856;1,857;106;	1	399,787	13,112
freeform	8,164	912k	327	0	16	5,632;112;229;2,021;306;116;123;72;1,369;37;9;387;710;387;591;0;	2m;704;166;356;412;151;554;918;338;897;556;675;607;675;352;16;	197;673;266;580;337;223;714;423;1,684;799;396;674;740;674;1,137;33;	1	1,183,711	6,766
freeform	8,164	912k	327	0	5	8,164;775;156;149;	912k;612;83;372;	327;1,962;39;562;	1	8,788,093	2,610
freeform	8,164	912k	327	0	15	157;67;232;67;49;21;792;1,255;8,164;694;526;3;393;63;	567;869;329;142;1,310;7;463;50;912k;1,063;215;443;227;2,619;	813;624;322;318;789;127;1,241;78;327;718;303;478;382;780;	1	1,183,728	10,810
freeform	8,164	912k	327	0	12	83;241;306;61;870;41;568;287;568;916;401;8,164;	871;254;194;179;552k;276;201;159;201;432;215;912k;	866;446;1,182;383;72;144;538;225;538;534;499;327;	1	1,183,749	2,798
freeform	8,164	912k	327	0	5	1,053;164;83;8,164;2;	84.3k;3,231;282;912k;129;	52;167;202;327;455;	0		5,039
freeform	8,164	912k	327	0	18	1,912;8,257;164;21;808;8,164;114;1,989;452;1,718;452;165;164;235;72;696;126;88;	49.1k;933k;450;161;674;912k;371;912;1,981;392;1,981;39.3k;450;521;655;1,676;65;104;	353;581;556;271;755;327;409;1,110;2,251;908;2,251;61;556;379;962;919;38;371;	1	1,183,764	6,196
freeform	8,164	912k	327	0	5	5,632;18;374;8,164;128;	2m;407;902;912k;208;	197;1,649;553;327;426;	0		15,179
freeform	8,164	912k	327	0	6	45;8,164;2,468;627;499;107;	282;912k;371k;660;509;65k;	75;327;395;664;838;25;	1	1,758	10,521
freeform	8,164	912k	327	0	3	40;1,054;8,164;	24.6k;4.9m;912k;	983;537;327;	2	25,7241,758	4,200
freeform	8,164	912k	327	0	13	2,469;6,010;5,347;2,469;6,010;2,469;160;56;1,031;366;50;68;85;	8.3m;5.2m;7.6m;8.3m;5.2m;8.3m;516;1,356;165;114;321;388;914;	895;531;243;895;531;895;905;929;518;158;809;603;703;	2	189,481	5,536
freeform	8,164	912k	327	0	10	135;7;151;5;18;3,470;8,164;371;8,164;8,164;	36;617;275;36;103;1.7m;912k;146;912k;912k;	140;1,732;341;136;164;109;327;136;327;327;	2	501,758	4,094
freeform	8,164	912k	327	0	5	3,458;1,365;1;3;1;	838k;2.1m;350;508;350;	145;2,054;381;513;381;	1	1,758	7,103
freeform	8,164	912k	327	0	2	25;102;	4,295;190;	519;402;	2	10,0701,758	3,598
freeform	8,164	912k	327	0	1	658;	277k;	69;	1	1,758	2,371
freeform	8,164	912k	327	0	4	1,844;773;3,470;8,164;	1.7m;404k;1.7m;912k;	288;1,260;109;327;	1	1,758	5,518
willevy	619	6m	370	0	7	1,316;18;49;619;6,550;1,316;619;	2m;291k;175k;6m;104;2m;6m;	419;304;34;370;216;419;370;	1	8,354,228	511,825
willevy	619	6m	370	0	5	18;619;619;619;619;	291k;6m;6m;6m;6m;	304;370;370;370;370;	1	1,828,871	428,182
willevy	619	6m	370	0	22	13,170;18;5,002;1,127;39;605;226;1;98;254;7;171;277;619;619;619;17;52;98;52;619;52;	2.1m;291k;135k;3,788;226;133;1,057;146;10.4k;6,841;210;397;5,186;6m;6m;6m;955;100;10.4k;100;6m;100;	791;304;356;300;471;449;2,976;124;106;182;335;620;199;370;370;370;99;202;106;202;370;202;	2	127,92516,193	419,816
willevy	619	6m	370	0	13	35;993;35;619;993;2,187;2,187;619;619;619;619;619;619;	295;11.7k;295;6m;11.7k;25k;25k;6m;6m;6m;6m;6m;6m;	22;861;22;370;861;1,259;1,259;370;370;370;370;370;370;	1	324,392,957	90,539
willevy	619	6m	370	0	8	22,188;5,455;619;66;8;619;619;30;	41.8k;7,802;6m;708;308;6m;6m;2,059;	1,260;54;370;193;2,390;370;370;739;	2	324,392,978319	197,147
willevy	619	6m	370	0	10	1,316;619;619;0;619;619;619;0;1,295;429;	2m;6m;6m;212;6m;6m;6m;32;2,107;370;	419;370;370;11;370;370;370;385;11;443;	0		649,278
willevy	619	6m	370	0	10	18;4;619;619;619;3;12;619;20;1,316;	291k;80;6m;6m;6m;117;1,947;6m;1,120;2m;	304;763;370;370;370;71;831;370;66;419;	0		256,230
willevy	619	6m	370	0	4	1,226;32;619;619;	148k;7,765;6m;6m;	345;10;370;370;	6	4,376,485291,7863,035,4412,328,27473,9728,751	285,840
willevy	619	6m	370	0	13	516;91;619;319;25;246;191;64;1,054;1,054;619;29;18;	6,088;224;6m;1,213;462;301;577;315;503;503;6m;353;292;	1,185;404;370;568;670;893;249;1,166;1,245;1,245;370;503;623;	4	4,376,48532,44720,45923,582	346,539
willevy	619	6m	370	0	4	49;1;14;619;	175k;61;197;6m;	34;87;189;370;	0		281,926
willevy	619	6m	370	0	12	32;128;37;619;0;0;0;21;25;21;25;21;	7,765;1,015;69.2k;6m;122;95;97;24;32;24;32;24;	10;716;45;370;455;1,773;331;24;34;24;34;24;	6	826,47832,44728,753,28115,70812,593,15120,459	320,122
willevy	619	6m	370	0	15	32;128;619;0;0;2;5;24;19;9;15;3,709;122;3,709;	7,765;1,015;6m;82;27;58;36;439;34;9;1,340;59.3k;1,243;59.3k;	10;716;370;26;12;52;69;308;215;26;305;126;1,106;126;	2	5,542,41323,582	122,999
willevy	619	6m	370	0	15	32;7;868;516;677;1,100;142;465;1,743;216;132;285;619;1,100;619;	7,765;1,940;665;6,088;56.9k;396k;4,132;2,325;50.3k;2,106;18.8k;1,057;6m;396k;6m;	10;149;393;1,185;601;712;776;1,570;400;776;50;661;370;712;370;	6	32,4474,55612,593,151343,08518,313,92420,459	82,173
willevy	619	6m	370	0	7	516;868;32;7;619;619;619;	6,089;665;7,765;1,940;6m;6m;6m;	1,185;393;10;149;370;370;370;	8	23,582466,13632,44720,45814,014,82818,313,92612,593,146343,085	143,589
willevy	619	6m	370	0	22	7;868;516;677;216;556;32;132;142;372;465;91;6;71;43;0;1,216;574;39;619;619;	1,940;665;6,088;56.9k;2,106;639;7,765;18.8k;4,132;2,814;2,325;224;820;1,117;20.9k;43;185;1.3m;395;6m;6m;	149;393;1,185;601;776;1,255;10;50;776;1,594;1,570;404;609;974;1,474;81;275;501;309;370;370;	2	32,44720,459	591,100
willevy	619	6m	370	0	11	868;516;2,385;110;19;1,226;32;619;619;619;41;	665;6,088;13.6k;2,443;2,815;148k;7,765;6m;6m;6m;1,158;	393;1,185;668;50;671;345;10;370;370;370;657;	4	324,393,46132,44713,57720,459	264,253
willevy	619	6m	370	0	5	318;2,385;3,832;1,743;619;	11.3k;13.6k;81.7k;50.3k;6m;	694;668;210;400;370;	2	32,4473,323,820	118,261
willevy	619	6m	370	0	18	18;3,667;112;164;1,027;290;0;129;62;307;123;25;1,454;1,454;1,454;25;619;272;	291k;176k;1,457;2,490;5,983;1,018;6;648;1,229;1,013;434;1,051;1,386;1,386;1,386;2,512;6m;517;	304;2,148;1,397;337;298;576;208;481;987;1,156;426;578;621;621;621;4,177;370;208;	0		339,899
willevy	619	6m	370	1	9	619;122;619;1,023;619;1,023;11;44;11;	6m;193;6m;446;6m;446;179;1,032;179;	370;2,639;370;814;370;814;268;591;268;	1	28,148,226	228,928
willevy	619	6m	370	1	4	18;168;0;	291k;1,821;2,686;	304;835;1,560;	1	41,717	229,013
willevy	619	6m	370	0	9	32;868;302;190;619;28;168;619;619;	7,765;665;183;434;6m;535;1,861;6m;6m;	10;393;351;481;370;407;1,097;370;370;	6	32,44732,44720,45923,5829,460926,679	496,624
willevy	619	6m	370	0	8	1,416;619;619;565;78;370;619;56;	5,458;6m;6m;2,037;997;545;6m;180;	174;370;370;173;983;635;370;1,201;	1	77,497	59,680
willevy	619	6m	370	1	14	733;2,207;98;3;51;7;9;9;9;733;619;9;481;619;	133k;133k;192;105;297;85;9;9;9;133k;6m;9;817;6m;	59;2,402;264;171;227;47;26;26;26;59;370;26;1,446;370;	4	72,7407,176,03420,797,8613,771,852	125,436
willevy	619	6m	370	0	10	115;434;341;499;619;619;619;20;100;20;	177;1,247;603;369;6m;6m;6m;421;2,145;421;	194;652;651;613;370;370;370;441;1,922;441;	4	3,38732,44723,58220,458	578,398
stylecollective	1,835	230k	120	0	4	376;1,620;227;4;	285;376;210;205;	439;1,624;722;228;	1	1,184,157	5,010
stylecollective	1,835	230k	120	0	11	57;67;1,027;375;593;301;642;209;415;81;45;	1,555;313;657;122;2,114;2,030;2,571;287;680;803;105;	978;307;1,015;261;1,398;1,021;1,930;800;985;813;126;	1	1,184,170	6,821
stylecollective	1,835	230k	120	0	8	123;338;32;2,017;158;333;2,017;2,017;	394;269;1,844;500;579;1,009;500;500;	457;583;782;617;1,074;943;617;617;	1	1,184,178	8,205
stylecollective	1,835	230k	120	0	5	465;86;970;26;369;	448;475;755;637;552;	699;293;955;782;758;	0		8,959
stylecollective	1,835	230k	120	0	1	2,107;	11.9m;	761;	0		1,106
stylecollective	1,835	230k	120	0	10	1,395;229;832;1;1,859;18;1;1,310;702;289;	6,211;233;807;0;36.1k;930;426;188;551;901;	866;228;223;0;89;2,215;335;141;1,119;581;	1	1,184,187	17,159
stylecollective	1,835	230k	120	0	0				0		1,308
stylecollective	1,835	230k	120	0	7	755;223;298;370;99;99;9;	679;334;514;542;136;136;67;	856;220;419;481;237;237;14;	1	1,184,195	56,430
stylecollective	1,835	230k	120	0	0				0		1,064
stylecollective	1,835	230k	120	0	19	1,315;669;72;2,325;1,315;669;68;648;20;669;108;919;2,325;2,325;471;1;266;24;38;	1,252;324;1,040;454;1,252;324;238;797;602;324;354;805;454;454;1,013;384;207;11;82;	401;409;879;623;401;409;427;716;1,866;409;2,612;876;623;623;823;371;264;43;110;	0		11,343
stylecollective	1,835	230k	120	0	19	0;838;54;352;558;14;558;14;558;4;0;4;31;0;0;31;183;1,096;600;	11;421;169;290;855;829;855;829;855;187;11;187;115;11;11;115;562;251;207;	23;243;197;479;208;742;208;742;208;221;23;221;225;23;23;225;365;294;894;	1	1,184,217	29,740
stylecollective	1,835	230k	120	0	0				0		848
stylecollective	1,835	230k	120	0	0				0		656
stylecollective	1,835	230k	120	0	0				0		331
stylecollective	1,835	230k	120	0	2	3,081;697;	2.7m;92;	2,192;373;	1	84,250,019	1,166
stylecollective	1,835	230k	120	0	1	248;	453;	440;	1	3,080,046	1,131
stylecollective	1,835	230k	120	0	0				0		636
stylecollective	1,835	230k	120	0	0				0		1,192
stylecollective	1,835	230k	120	0	1	1,671;	17.6m;	491;	0		856
stylecollective	1,835	230k	120	0	4	2,660;279;355;2,245;	9.6m;331;96;240;	298;763;426;350;	0		728
stylecollective	1,835	230k	120	0	2	1,477;39;	538;118;	769;337;	0		3,981
stylecollective	1,835	230k	120	0	0				2	3,080,04684,250,029	3,278
stylecollective	1,835	230k	120	0	4	61;76;1,106;355;	59;577;72;398;	262;552;653;430;	0		3,106
stylecollective	1,835	230k	120	0	0				1	3,080,048	1,460
stylecollective	1,835	230k	120	0	0				1	3,080,048	1,892
stylecollective	1,835	230k	120	0	0				0		1,683
stylecollective	1,835	230k	120	0	0				0		2,068
brunotonioliofficial	385	113k	257	0	5	385;474;385;385;	113k;536;113k;113k;	257;505;257;257;	2	57,492,18211,250,184	1,010
brunotonioliofficial	385	113k	257	0	1	133;	32;	117;	1	1,184,265	10,341
brunotonioliofficial	385	113k	257	0	5	2,425;114;474;319;385;	368k;166;536;448;113k;	147;295;505;1,118;257;	3	1,297268,786965,536	870
brunotonioliofficial	385	113k	257	1	5	385;385;385;385;	113k;113k;113k;113k;	257;257;257;257;	0		2,494
brunotonioliofficial	385	113k	257	0	2	705;2,425;	24.2k;368k;	342;147;	2	965,536268,786	648
brunotonioliofficial	385	113k	257	0	8	326;385;771;173;2,164;385;385;385;	98;113k;574;170;334k;113k;113k;113k;	185;257;1,061;284;545;257;257;257;	1	423,714,783	3,459
brunotonioliofficial	385	113k	257	0	11	1,144;4,211;385;422;125;4;474;1,787;360;168;385;	19.7k;1.3m;113k;1,212;291;257;536;158;650;182;113k;	416;282;257;1,146;423;549;505;957;638;762;257;	1	628,938	3,528
brunotonioliofficial	385	113k	257	0	2	4,211;0;	1.3m;3;	282;0;	1	628,938	876
brunotonioliofficial	385	113k	257	0	4	84;474;385;385;	447;536;113k;113k;	1,063;505;257;257;	1	57,078	1,342
brunotonioliofficial	385	113k	257	0	4	385;385;299;202;	113k;113k;113;219;	257;257;134;358;	0		3,210
brunotonioliofficial	385	113k	257	0	1	2,047;	187;	399;	0		3,265
brunotonioliofficial	385	113k	257	0	1	474;	536;	505;	1	7,457,281	1,806
brunotonioliofficial	385	113k	257	0	2	474;283;	536;235;	505;749;	1	70,644,311	3,278
brunotonioliofficial	385	113k	257	1	8	27;1,409;44;135;158;180;158;385;	404;314;754;316;49;112;49;113k;	502;245;821;870;173;446;173;257;	7	35,699,56142,093,8589,668,76512,341,35542,228,9151,317,511,54551,632,958	3,325
brunotonioliofficial	385	113k	257	0	3	385;385;385;	113k;113k;113k;	257;257;257;	1	9,668,799	1,583
brunotonioliofficial	385	113k	257	0	1	1,758;	51.9k;	954;	1	121,687	1,071
brunotonioliofficial	385	113k	257	0	19	125;474;69;67;769;385;108;49;385;0;118;409;272;172;118;1,340;385;125;	291;536;700;70;745;113k;405;89;113k;37;554;467;486;1,006;428;464;113k;290;	423;505;404;139;894;257;368;183;257;1,372;287;781;857;550;1,103;619;257;598;	1	497,941	4,325
brunotonioliofficial	385	113k	257	0	6	646;2,295;380;1,019;1;	970k;357;183;1,502;560;	87;424;1,590;718;566;	1	423,714,771	4,196
brunotonioliofficial	385	113k	257	0	4	385;196;385;385;	113k;450;113k;113k;	257;545;257;257;	0		1,942
brunotonioliofficial	385	113k	257	0	2	966;160;	99.4k;8,079;	1,047;212;	1	54,334,020	3,199
brunotonioliofficial	385	113k	257	0	2	385;125;	113k;290;	257;598;	1	423,714,770	4,302
brunotonioliofficial	385	113k	257	0	25	441;385;12;3,956;266;229;125;402;74;646;9;35;63;54;37;92;0;266;104;748;81;224;55;	234;113k;600;401;371;144;522;104;214;253;272;1,078;746;353;129;119;12;117;413;63;320;248;105;	1,180;257;390;2,412;1,033;523;543;125;320;679;462;1,004;1,169;904;1,095;325;18;201;470;704;2,416;469;742;	1	1,749,862	3,745
brunotonioliofficial	385	113k	257	0	2	385;	113k;	257;	1	357,874	2,983
brunotonioliofficial	385	113k	257	0	5	1,054;385;1,019;1,054;	944k;113k;1,502;944k;	2,460;257;718;2,460;	0		2,674
brunotonioliofficial	385	113k	257	0	4	385;75;385;385;	113k;76.6k;113k;113k;	257;106;257;257;	1	3,937	1,749
brunotonioliofficial	385	113k	257	0	8	5,321;1,910;53;44;435;0;222;2,462;	1,875;540;187;104;93;15;272;488;	220;1,477;548;88;338;949;439;889;	2	1,858,31616,242,403	5,130
brunotonioliofficial	385	113k	257	0	4	842;837;385;1,443;	14.4m;958;113k;228;	0;588;257;378;	0		3,994
kevinhart4real	5,389	59.1m	468	0	4	1,520;5,389;79;32;	2.5m;59.1m;656;205;	503;468;555;333;	1	37,074	377,169
kevinhart4real	5,389	59.1m	468	0	1	886;	182;	292;	4	514,09221,38016,895592	138,701
kevinhart4real	5,389	59.1m	468	0	3	5,389;5,389;5,389;	59.1m;59.1m;59.1m;	468;468;468;	3	21,380514,09216,895	203,791
kevinhart4real	5,389	59.1m	468	0	3	47;5,389;113;	2.1m;59.1m;593;	4,048;468;610;	1	514,092	196,740
kevinhart4real	5,389	59.1m	468	0	7	1,148;5,389;5,389;272;5,389;3,571;5,389;	516k;59.1m;59.1m;168;59.1m;106m;59.1m;	3,113;468;468;276;468;241;468;	2	514,0929,583	279,792
kevinhart4real	5,389	59.1m	468	0	5	36;5,389;5,389;7,576;15;	127;59.1m;59.1m;2.7m;345;	99;468;468;5,808;352;	3	514,09221,3809,583	362,594
kevinhart4real	5,389	59.1m	468	0	3	3,571;5,389;5,389;	106m;59.1m;59.1m;	241;468;468;	2	16,89521,380	243,520
kevinhart4real	5,389	59.1m	468	0	6	25;5,389;60;329;5,389;5,389;	496;59.1m;463;186;59.1m;59.1m;	372;468;280;264;468;468;	4	21,38016,895592237,380	178,412
kevinhart4real	5,389	59.1m	468	0	11	5,389;1,340;5,389;4,141;1;628;438;385;5,389;458;115;	59.1m;299k;59.1m;924k;497k;21.9k;829;1,974;59.1m;269;120;	468;167;468;580;124;10;820;718;468;428;206;	4	21,38016,895592514,092	311,398
kevinhart4real	5,389	59.1m	468	0	8	5,389;710;8;34;5,389;2;5,389;5,389;	59.1m;180;121;1,062;59.1m;247;59.1m;59.1m;	468;678;793;682;468;291;468;468;	2	19415,054	673,525
kevinhart4real	5,389	59.1m	468	0	20	2;3,369;7,576;439;7,576;7,576;7,576;5,389;7,576;5,389;3,571;8;5,389;13;26;26;7,576;3,571;7,576;821;	2,014;152k;2.7m;56;2.7m;2.7m;2.7m;59.1m;2.7m;59.1m;106m;667;59.1m;55;61;61;2.7m;106m;2.7m;270;	27;610;5,808;131;5,808;5,808;5,808;468;5,808;468;241;335;468;240;109;109;5,808;241;5,808;763;	2	306,19044,685	255,271
kevinhart4real	5,389	59.1m	468	0	7	3,369;193;35;13;1,325;142;145;	152k;621;1,018;1,411;16.9k;1,665;1,049;	610;1,186;1,274;3,035;6,910;625;1,032;	3	133,37537,074488,383	650,300
kevinhart4real	5,389	59.1m	468	0	3	1;741;7,576;	42;119k;2.7m;	84;1,149;5,808;	3	37,0746,0095	782,826
kevinhart4real	5,389	59.1m	468	0	12	1,970;5,389;532;120;1,989;5,389;791;5,389;5,389;122;391;5,389;	42.2k;59.1m;415;416;317;59.1m;350;59.1m;59.1m;463;768;59.1m;	1,231;468;839;254;613;468;497;468;468;820;2,038;468;	5	514,09221,38016,895237,380592	288,764
kevinhart4real	5,389	59.1m	468	0	8	26;26;31;26;31;26;31;7;	16;16;122;16;122;16;122;343;	2;2;369;2;369;2;369;499;	3	37,07421,380514,092	673,214
kevinhart4real	5,389	59.1m	468	0	3	1,520;85;	2.5m;7,934;	503;5,904;	3	37,0742008,354,232	932,621
kevinhart4real	5,389	59.1m	468	0	10	1;5,389;5,389;14;9;5,389;5,389;5,389;1,325;167;	3;59.1m;59.1m;89;428;59.1m;59.1m;59.1m;16.9k;163;	10;468;468;196;580;468;468;468;6,910;162;	4	514,09216,895237,380592	121,651
kevinhart4real	5,389	59.1m	468	0	14	2,019;5,389;7,576;1,334;4,519;3,999;34;0;267;791;11;5,389;5,389;1,334;	325k;59.1m;2.7m;583k;102k;3,196;1,314;52;1,233;151k;257;59.1m;59.1m;583k;	828;468;5,808;680;790;403;1,100;31;110;123;322;468;468;680;	5	49,045,7103,009,27962,5657,798,99644,684	173,712
kevinhart4real	5,389	59.1m	468	0	5	727;4;1,325;268;5,389;	511;30;16.9k;390;59.1m;	519;36;6,910;388;468;	4	21,38016,895514,0922,067,484	280,874
kevinhart4real	5,389	59.1m	468	0	4	1,184;24;213;5,389;	295;1,129;232;59.1m;	420;1,133;388;468;	3	37,0751,924,65823,473,833	790,230
billboard	10,499	4.3m	474	1	10	354;9;0;175;154;3;52;10;9;175;	17.5k;453;0;4,089;108m;250;304;78;453;4,089;	977;396;450;1,063;0;178;288;36;396;1,063;	0		59,559
billboard	10,499	4.3m	474	0	6	3;10,499;10,499;1,915;36;10;	212;4.3m;4.3m;10.6k;56;78;	181;474;474;1,360;99;36;	1	436,103	23,089
billboard	10,499	4.3m	474	0	4	14;6;26;43;	324;65;125;152;	753;116;393;434;	1	436,112	101,752
billboard	10,499	4.3m	474	0	8	2,166;747;0;272;10,499;4;726;4;	7,590;272;138;554k;4.3m;386;17.1m;35;	943;1,087;95;5;474;319;85;36;	1	436,119	32,955
billboard	10,499	4.3m	474	0	7	14;1,596;1;25;1,596;178;1;	486;19.9m;21;28.7m;19.9m;10.5k;21;	473;423;61;29;423;443;61;	1	436,133	91,056
billboard	10,499	4.3m	474	0	6	354;474;618;334;757;902;	17.5k;3,607;1,522;15.5k;3,529;461;	977;2,841;1,505;1,770;1,825;1,186;	1	436,141	13,550
billboard	10,499	4.3m	474	0	6	10,499;2,415;2,069;126;5;31;	4.3m;4.2m;2.8m;1,063;113;437;	474;1,836;0;863;127;672;	1	436,149	19,952
billboard	10,499	4.3m	474	1	4	1,447;354;1,447;670;	7.6m;17.5k;7.6m;4,589;	298;977;298;1,723;	0		11,919
billboard	10,499	4.3m	474	0	4	2,131;1,367;237;2,131;	643k;5.5m;326;643k;	410;374;629;410;	1	436,161	27,271
billboard	10,499	4.3m	474	1	3	2,656;354;2,656;	7m;17.5k;7m;	523;977;523;	0		12,575
billboard	10,499	4.3m	474	1	9	1,195;10,499;2,249;99;65;129;65;129;10,499;	733k;4.3m;416;2,632;3.5m;2.4m;3.5m;2.4m;4.3m;	403;474;413;2,328;831;21;831;21;474;	1	436,166	56,163
billboard	10,499	4.3m	474	1	4	354;10,499;938;938;	17.5k;4.3m;3m;3m;	977;474;1,292;1,292;	0		16,744
billboard	10,499	4.3m	474	0	8	2;261;26;36;11;15;9;486;	106;1,206;239;56;964;929;462;28.7k;	142;1,098;347;99;908;488;202;977;	0		37,716
billboard	10,499	4.3m	474	0	5	180;1,030;2,915;1,071;362;	24.8k;182;56.1k;1,207;277;	637;1,583;978;3,685;450;	1	436,194	30,074
billboard	10,499	4.3m	474	0	6	63;2,063;113;2,063;44;889;	5.1m;67.8m;2,144;67.8m;447;192;	41;379;1,589;379;499;655;	1	436,196	105,200
billboard	10,499	4.3m	474	0	5	1,596;32;32;82;1,596;	19.9m;402;402;2,346;19.9m;	423;198;198;1,195;423;	1	436,206	68,667
billboard	10,499	4.3m	474	0	6	20;98;154;18;154;	132;647;108m;559;108m;	97;909;0;1,728;0;	1	436,212	131,405
billboard	10,499	4.3m	474	0	4	65;65;65;938;	3.5m;3.5m;3.5m;3m;	831;831;831;1,292;	1	436,219	56,147
billboard	10,499	4.3m	474	0	11	6;113;6;1;113;261;0;43;38;21;36;	207;114;126;122;114;142;539;82;1,075;326;388;	1,202;120;541;116;120;399;106;1,047;1,774;237;365;	1	436,224	156,216
billboard	10,499	4.3m	474	0	5	4,346;23;22;103;1,141;	99.8m;1,004;255;609;2,757;	96;94;1,034;359;998;	2	57,467436,237	30,010
billboard	10,499	4.3m	474	0	3	2;2;1,170;	110;110;705k;	150;150;1,839;	1	436,240	69,232
billboard	10,499	4.3m	474	0	0				1	436,242	74,874
billboard	10,499	4.3m	474	0	10	0;15;268;306;2,343;101;330;90;2,343;619;	18;118;495;2,147;10.8m;85;421;2,557;10.8m;507;	198;52;525;956;739;2,165;377;1,944;739;743;	1	436,246	52,964
billboard	10,499	4.3m	474	0	6	938;768;113;26;15;44;	3m;1,065;396;739;1,351;1,276;	1,292;1,003;554;144;363;1,744;	1	436,263	39,416
billboard	10,499	4.3m	474	0	3	485;14;485;	3.4m;93;3.4m;	23;45;23;	1	436,267	26,590
people	13,391	4.4m	1,088	0	9	76;664;1,987;154;76;76;93;154;6;	83;101;397;108m;83;83;92;108m;93;	382;222;843;0;382;382;460;0;119;	2	13,679,259436,275	40,763
people	13,391	4.4m	1,088	0	24	1,939;236;3;959;250;52;594;848;236;160;8;113;18;19;1;18;6;19;14;13,391;2;14;236;848;	261k;986;9;173;79;69;111;172;986;661;691;189;113;340;69;347;425;117;66;4.4m;1;371;986;172;	92;1,000;43;967;370;336;510;747;1,000;1,013;332;454;99;404;23;509;905;101;51;1,088;55;559;1,000;747;	2	433,107327,154	75,715
people	13,391	4.4m	1,088	0	5	3,285;3,285;832;586;56;	17.2m;17.2m;159;266;254;	880;880;655;736;94;	3	111,769568,35116,335,059	100,438
people	13,391	4.4m	1,088	0	12	159;50;6;386;8,502;331;371;276;145;276;145;1,514;	106;77;115;680;464;137;994;199;183;199;183;103;	298;202;377;662;176;288;943;1,072;1,056;1,072;1,056;486;	2	327,158433,113	63,822
people	13,391	4.4m	1,088	0	7	6,613;827;540;42;48;72;1,059;	887;21k;910;160;98;69;258;	1,444;7,504;822;368;663;57;307;	2	433,115327,163	134,897
people	13,391	4.4m	1,088	0	1	47;	245;	584;	0		151,166
people	13,391	4.4m	1,088	0	10	511;967;601;1,323;22;323;95;445;17;476;	401;3,500;314;576;590;195;35;902;266;294;	384;4,616;498;1,257;320;300;912;555;338;680;	2	158,496433,117	168,991
people	13,391	4.4m	1,088	1	3	20;95;136;	542;35;765;	382;912;949;	1	158,496	157,157
people	13,391	4.4m	1,088	1	13	83;142;362;147;3,825;83;941;0;11;1,776;11;1,776;11;	135;215;682;351;88;135;214;5;8;114;8;114;18;	684;197;558;312;252;684;338;34;61;232;61;232;19;	0		143,215
people	13,391	4.4m	1,088	1	7	32;353;496;32;496;371;496;	129;214;371;129;371;197;371;	455;327;464;455;464;373;464;	1	1,184,869	102,895
people	13,391	4.4m	1,088	1	11	24;371;0;639;1,979;864;24;10;18;31;365;	35;197;4;372;473;634;161;547;1,122;24;129;	236;373;145;337;293;377;202;455;673;284;175;	1	1,184,874	90,247
people	13,391	4.4m	1,088	1	2	152;316;	190;121;	183;368;	2	313,440433,126	137,492
people	13,391	4.4m	1,088	1	10	48;462;814;140;1,753;48;843;842;63;8;	1,055;471;536;213;837;1,055;224;14.4m;257;26;	893;693;2,363;686;780;893;216;0;208;193;	1	1,184,899	110,592
people	13,391	4.4m	1,088	0	4	418;0;348;78;	155;31;366;128;	513;1,102;200;549;	0		32,252
iheartradio	7,691	1.2m	1,994	0	4	27;12;1,596;231;	90;116;19.9m;606;	60;180;423;705;	1	436,393	7,479
iheartradio	7,691	1.2m	1,994	0	8	367;18;122;333;274;274;367;21;	10.4m;494;372;12;582;582;10.4m;169;	1;633;789;412;2,276;2,276;1;161;	1	436,397	6,842
iheartradio	7,691	1.2m	1,994	0	2	148;160;	165;504;	463;2,194;	1	436,403	19,970
iheartradio	7,691	1.2m	1,994	0	4	1,844;938;51;1,844;	31.2m;3m;242;31.2m;	728;1,292;677;728;	0		12,443
iheartradio	7,691	1.2m	1,994	0	10	63;2,063;63;2,063;63;2,063;54;278;373;278;	5.1m;67.8m;5.1m;67.8m;5.1m;67.8m;335;71;103;71;	41;379;41;379;41;379;985;140;789;140;	0		5,466
iheartradio	7,691	1.2m	1,994	0	4	938;65;3;2,277;	3m;3.5m;204;17.6k;	1,292;831;1,062;148;	1	436,414	6,733
iheartradio	7,691	1.2m	1,994	0	7	1,844;7;4;156;1,844;1,844;7,691;	31.2m;294;1,084;592;31.2m;31.2m;1.2m;	728;752;881;283;728;728;1,994;	1	436,420	11,412
iheartradio	7,691	1.2m	1,994	0	4	3,432;9;3;3,432;	119m;932;768;119m;	1,344;867;283;1,344;	1	436,435	9,912
iheartradio	7,691	1.2m	1,994	0	0				1	436,438	4,403
iheartradio	7,691	1.2m	1,994	0	3	154;10;154;	108m;789;108m;	0;4,621;0;	1	436,439	19,284
iheartradio	7,691	1.2m	1,994	0	3	17;2;98;	356;239;105;	935;139;98;	1	436,442	18,714
iheartradio	7,691	1.2m	1,994	0	0				1	436,447	11,743
iheartradio	7,691	1.2m	1,994	0	0				1	436,453	6,861
iheartradio	7,691	1.2m	1,994	0	9	58;239;0;134;119;11;627;190;13;	289;471;223;1,122;448;139;459;1,245;1,654;	443;293;281;701;642;194;487;748;2,218;	1	436,457	8,104
iheartradio	7,691	1.2m	1,994	0	1	2,343;	10.8m;	739;	1	436,463	7,830
iheartradio	7,691	1.2m	1,994	0	7	485;5;485;537;485;2;	3.4m;350;3.4m;302;3.4m;395;	23;198;23;386;23;529;	1	436,467	5,940
iheartradio	7,691	1.2m	1,994	0	6	7,691;7,691;1,844;24;23;84;	1.2m;1.2m;31.2m;680;489;647;	1,994;1,994;728;434;812;1,136;	1	436,476	19,453
iheartradio	7,691	1.2m	1,994	0	16	187;140;102;15;377;26;133;60;1,144;1,144;6;23;8;27;11;367;	209;225;225;205;161;142;183;182;441;441;986;1,524;131;310;862;10.4m;	489;1,274;414;204;198;138;259;819;593;593;1,239;1,520;200;344;2,488;1;	1	436,488	8,815
iheartradio	7,691	1.2m	1,994	0	1	54;	1,247;	3,360;	0		2,718
iheartradio	7,691	1.2m	1,994	0	5	1,147;712;2;48;711;	4,916;5,918;14;1,556;5,918;	919;1,190;319;267;1,190;	0		3,534
iheartradio	7,691	1.2m	1,994	0	1	2,424;	847k;	1,336;	0		1,884
iheartradio	7,691	1.2m	1,994	0	7	1,599;13;4,346;345;7,691;0;7;	1,217;227;99.8m;667;1.2m;119;28;	1,860;192;97;318;1,994;188;434;	0		12,434
iheartradio	7,691	1.2m	1,994	0	2	1,048;179;	471;503;	241;627;	0		4,446
iheartradio	7,691	1.2m	1,994	0	7	472;185;41;414;716;170;37;	36.4k;314;222;127;373;174;1,141;	648;979;422;1,248;765;158;271;	0		32,619
iheartradio	7,691	1.2m	1,994	0	15	1;54;4;1,685;40;54;4;11;7;11;7;11;1,763;2;77;	301;140;306;1.2m;121;140;1,365;69;53;69;53;69;3,787;441;104;	2,080;262;736;1,039;147;262;876;322;155;322;155;322;7,439;398;276;	0		10,610
iheartradio	7,691	1.2m	1,994	0	11	318;697;3,859;697;1,844;154;630;1,432;1,167;984;140;	584;466;856;466;31.2m;108m;854k;137m;8.2m;1,041;662;	4,495;335;1,213;335;728;0;174;36;371;806;724;	0		29,434
iheartradio	7,691	1.2m	1,994	0	2	126;7,691;	372;1.2m;	1,194;1,994;	1	76,522	1,704
cherylburke	2,301	436k	295	0	10	2,740;297;2,301;439;1,587;2,301;2,301;2,301;2,301;2,301;	484;387;436k;72.4k;842k;436k;436k;436k;436k;436k;	875;698;295;815;903;295;295;295;295;295;	3	2,60058612,866,936	15,135
cherylburke	2,301	436k	295	0	1	2,301;	436k;	295;	1	3,159,359	32,110
cherylburke	2,301	436k	295	0	13	448;466;2,301;105;129;298;1,190;7;58;209;549;317;46;	1,549;228;436k;1,374;1,576;179;333;16;156;588;1,383;1,737;1,129;	1,066;264;295;999;1,085;1,997;334;11;715;703;886;1,449;1,028;	1	423,714,833	52,574
cherylburke	2,301	436k	295	0	16	2,873;9;2,350;485;242;2,873;2,301;1,008;42;10;2,873;1,005;28;201;173;32;	1m;112;319;413;259;1m;436k;95;75;186;1m;310;862;193;168;254;	551;222;947;414;324;551;295;78;95;211;551;292;100;363;295;418;	1	100,786	2,532
cherylburke	2,301	436k	295	0	12	8,471;716;383;890;918;794;8,471;5;292;2,301;32;2,301;	2.3m;35k;88.5k;405k;35.2k;114;2.3m;106;88;436k;85;436k;	636;149;610;480;209;352;636;567;239;295;72;295;	1	185,419,600	11,298
cherylburke	2,301	436k	295	0	0				1	8,354,231	8,192
cherylburke	2,301	436k	295	0	4	1,525;95;2,301;2,032;	29.4k;408;436k;148k;	1,873;68;295;951;	3	41,797,50814,948,58216,242,486	7,870
cherylburke	2,301	436k	295	0	9	1,090;4,211;1,169;976;1,629;623;119;392;2,301;	53.3k;1.3m;820k;206k;10k;94;856;3,013;436k;	75;282;1,063;980;749;435;257;1,323;295;	1	65,695	4,115
cherylburke	2,301	436k	295	0	6	1,227;31;94;2,301;2,301;2,850;	177k;978;133;436k;436k;424;	378;2,214;238;295;295;1,363;	0		13,743
cherylburke	2,301	436k	295	0	3	2,301;2,301;2,301;	436k;436k;436k;	295;295;295;	3	14,65238,490,1792,911,806	21,588
cherylburke	2,301	436k	295	0	4	2,301;6,549;2,301;2,301;	436k;146k;436k;436k;	295;1,036;295;295;	2	3,930379	39,940
cherylburke	2,301	436k	295	0	9	2,301;56;2,301;2,301;217;981;299;174;2,301;	436k;118k;436k;436k;1,032;252;149;784;436k;	295;130;295;295;580;677;1,669;957;295;	3	1,620145,566288,486	90,826
cherylburke	2,301	436k	295	0	3	2,301;2,301;2,301;	436k;436k;436k;	295;295;295;	2	1,400,0522,037,870	6,971
cherylburke	2,301	436k	295	0	5	197;84;570;2,301;2,301;	45;136;427;436k;436k;	75;2,257;1,025;295;295;	2	839628,939	9,884
cherylburke	2,301	436k	295	0	7	5,597;2,301;2,301;2,301;2,301;1,509;2,301;	7.2m;436k;436k;436k;436k;479;436k;	391;295;295;295;295;1,147;295;	0		12,473
cherylburke	2,301	436k	295	0	4	2,301;2,301;2,301;0;	436k;436k;436k;69;	295;295;295;0;	2	423,714,811729,023	5,056
cherylburke	2,301	436k	295	0	3	112;1,068;1,068;	206;502;502;	463;958;958;	2		29,739
cherylburke	2,301	436k	295	0	6	449;120;1,186;1,728;2,301;2,301;	181;62;360;497;436k;436k;	1,274;145;202;843;295;295;	2	4,1624,462,565	18,468
cherylburke	2,301	436k	295	0	18	928;135;4,245;657;537;2;69;449;6,933;468;31;199;236;468;31;49;236;217;	627k;66.3k;327;138;409;163;1,135;181;509;513;617;630;554;513;617;256;554;1,032;	107;30;972;192;1,091;148;542;1,274;1,885;641;489;726;678;641;489;523;678;580;	3	4,16217,671,6744,462,564	11,058
cherylburke	2,301	436k	295	0	4	2,301;1,103;2,301;2,301;	436k;6,993;436k;436k;	295;1,934;295;295;	0		6,916
cherylburke	2,301	436k	295	0	9	783;2,530;494;1,956;74;5,280;2,301;2,301;109;	934;207;153;181;262;1,423;436k;436k;390;	877;501;326;323;1,152;3,858;295;295;663;	0		3,117
cherylburke	2,301	436k	295	0	1	2,301;	436k;	295;	0		6,636
cherylburke	2,301	436k	295	0	6	2,301;116;2,339;2,301;3;2,301;	436k;861;1,477;436k;124;436k;	295;6,045;960;295;920;295;	2	2611,772,023	3,608
sayhop	1,517	250k	1,146	1	26	524;524;524;524;1,517;524;524;524;524;524;1,517;524;524;524;524;524;524;524;524;524;524;524;524;524;527;524;	333k;333k;333k;333k;250k;333k;333k;333k;333k;333k;250k;333k;333k;333k;333k;333k;333k;333k;333k;333k;333k;333k;333k;333k;227;333k;	549;549;549;549;1,146;549;549;549;549;549;1,146;549;549;549;549;549;549;549;549;549;549;549;549;549;759;549;	0		11,592
sayhop	1,517	250k	1,146	0	13	1,517;7;1,517;47;1,517;57;224;180;2,207;1,517;13;1,517;1,517;	250k;834;250k;923;250k;156;11.7k;967;13.3k;250k;154;250k;250k;	1,146;893;1,146;582;1,146;160;217;1,189;1,589;1,146;362;1,146;1,146;	0		18,416
sayhop	1,517	250k	1,146	0	1	1,517;	250k;	1,146;	1	124	11,445
sayhop	1,517	250k	1,146	1	6	1,517;1,517;1,517;297;400;1,517;	250k;250k;250k;1,361;406;250k;	1,146;1,146;1,146;1,201;2,660;1,146;	0		17,243
sayhop	1,517	250k	1,146	1	3	1,517;1,067;1,728;	250k;1,103;968;	1,146;965;1,154;	0		17,469
sayhop	1,517	250k	1,146	1	4	2,207;634;2,207;1,517;	13.3k;1,296;13.3k;250k;	1,589;1,650;1,589;1,146;	0		10,727
sayhop	1,517	250k	1,146	0	12	887;1,517;907;1,396;1,517;430;1,517;0;87;1,450;44;1,517;	26.7k;250k;5,712;436;250k;643;250k;75;281;574;95;250k;	2,665;1,146;1,019;279;1,146;837;1,146;95;452;868;854;1,146;	0		15,566
sayhop	1,517	250k	1,146	1	6	887;524;348;524;1,517;166;	26.7k;333k;393;333k;250k;298;	2,664;549;382;549;1,146;132;	0		20,823
sayhop	1,517	250k	1,146	1	9	763;887;1,517;9;198;8;0;64;1,517;	1,667;26.7k;250k;293;569;164;1;16.8k;250k;	207;2,664;1,146;310;526;1,663;8;53;1,146;	6	6612419,618,9321,0785,449216	17,924
sayhop	1,517	250k	1,146	1	10	164;1,517;10;558;488;77;1,013;1,517;77;1,400;	45k;250k;260;436;1,224;171;353;250k;625;421;	1,280;1,146;851;323;1,200;1,119;452;1,146;580;886;	0		10,803
sayhop	1,517	250k	1,146	1	14	887;1,013;488;1,013;346;102;1,517;64;1,517;64;1,517;64;1,517;	26.7k;353;1,150;353;5,200;426;250k;16.8k;250k;16.8k;250k;16.8k;250k;	2,664;452;916;452;2,393;695;1,146;53;1,146;53;1,146;53;1,146;	3	6612419,618,933	13,129
sayhop	1,517	250k	1,146	1	9	887;886;351;77;1,517;1,517;655;1,517;1,517;	26.7k;3,262;350;171;250k;250k;495;250k;250k;	2,664;253;577;1,119;1,146;1,146;450;1,146;1,146;	0		6,467
sayhop	1,517	250k	1,146	1	19	886;0;620;977;1,517;20;20;394;420;420;1,013;1,517;420;420;208;1,517;1,517;394;420;	3,262;107;182;840;250k;81;81;371;593;593;353;250k;593;593;1,236;250k;250k;371;593;	253;30;314;326;1,146;101;101;355;297;297;452;1,146;297;297;215;1,146;1,146;355;297;	0		10,616
sayhop	1,517	250k	1,146	0	8	600;78;1,517;1,837;1,517;524;1,517;751;	10.4k;62;250k;789;250k;333k;250k;1,363;	2,069;121;1,146;1,318;1,146;549;1,146;1,337;	0		15,441
sayhop	1,517	250k	1,146	1	9	2,057;1,517;823;185;122;2,057;2,057;185;1;	7,748;250k;465;265;296k;7,748;7,748;821;4;	1,104;1,146;766;364;1,377;1,104;1,104;574;42;	4	4,236,850289,697,413	9,280
sayhop	1,517	250k	1,146	0	10	1,517;524;1,517;524;113;366;1,079;1,517;524;64;	250k;333k;250k;333k;193;1,313;2,540;250k;333k;16.8k;	1,146;549;1,146;549;306;1,356;1,011;1,146;549;53;	0		17,787
sayhop	1,517	250k	1,146	0	8	200;1,517;1,517;495;495;1,629;51;1,517;	195;250k;250k;2,611;2,611;1,385;206;250k;	263;1,146;1,146;1,294;1,294;1,355;1,134;1,146;	0		20,008
sayhop	1,517	250k	1,146	0	5	64;459;1,517;524;7;	16.8k;316;250k;333k;263;	53;1,512;1,146;549;1,036;	0		11,896
sayhop	1,517	250k	1,146	0	16	1,032;499;129;1,105;1,517;55;595;178;496;524;217;120;64;1,517;36;999;	695;1,161;215;722;250k;472;785;153;538;333k;1,170;926;197;250k;266;229;	1,033;906;744;1,562;1,146;1,022;525;302;422;549;1,160;1,331;308;1,146;96;202;	0		21,722
sayhop	1,517	250k	1,146	0	3	1,517;3;524;	250k;2,632;333k;	1,146;6,487;549;	1		11,017
sayhop	1,517	250k	1,146	1	15	1,517;1,517;234;271;89;923;1,687;1,242;1,517;524;831;348;252;1,517;	250k;250k;233;485;1,064;1,514;873;1,498;250k;333k;319;656;220k;250k;	1,146;1,146;1,166;856;1,037;372;819;464;1,146;549;661;1,472;406;1,146;	0		13,931
sayhop	1,517	250k	1,146	0	9	461;461;897;1,517;524;1,517;1,517;124;1,517;	9,417;9,417;728;250k;333k;250k;250k;246;250k;	3,666;3,666;1,104;1,146;549;1,146;1,146;556;1,146;	0		10,804
sayhop	1,517	250k	1,146	0	17	461;897;461;897;366;1;1,388;355;143;1,517;1,517;287;461;355;1,517;	9,417;728;9,417;728;267;6;360;1,298;236;250k;250k;247;9,417;1,298;250k;	3,666;1,104;3,666;1,104;330;14;321;676;684;1,146;1,146;224;3,666;676;1,146;	0		14,483
sayhop	1,517	250k	1,146	1	10	1,517;524;1,517;1,014;854;1,517;854;36;938;480;	250k;333k;250k;292;240;250k;240;176;3m;170;	1,146;549;1,146;677;669;1,146;669;521;1,292;550;	0		14,456
sayhop	1,517	250k	1,146	0	6	1,300;1,300;1,517;11;524;249;	91k;91k;250k;1,038;333k;638;	1,480;1,480;1,146;568;549;458;	0		10,917
iamsarahgrafferty	1,945	1.4m	601	1	15	73;3,821;772;194;47;469;201;640;26;157;1,945;351;825;344;6;	5,712;3.6m;146k;222;67;298;1,292;2,056;249;333;1.4m;538;1.1m;241;133;	13;587;625;391;239;293;103;828;657;144;601;587;16;674;387;	2	25,683961,853	240,068
iamsarahgrafferty	1,945	1.4m	601	0	7	108;825;149;428;193;228;2;	1,403;1.1m;377;1,059;103;1.7m;69;	861;16;483;719;266;340;75;	0		312,225
iamsarahgrafferty	1,945	1.4m	601	1	9	3,821;73;2,138;373;2,306;22;1,023;146;682;	3.6m;5,712;462;345;91;475;402;96;436;	587;13;726;1,240;117;2,596;1,549;119;1,310;	0		112,273
iamsarahgrafferty	1,945	1.4m	601	1	11	1,162;228;613;1,945;0;306;416;554;281;1,945;158;	126k;1.7m;928k;1.4m;458;403k;245;584;226;1.4m;291;	174;340;137;601;2,666;135;459;380;91;601;402;	2	2,821,69383,883,795	32,675
iamsarahgrafferty	1,945	1.4m	601	1	9	780;29;504;56;307;409;124;587;1,945;	268;173;514;830;708;1,398;565;901;1.4m;	571;166;720;784;669;705;364;832;601;	2	3683,883,802	53,489
iamsarahgrafferty	1,945	1.4m	601	1	13	1,346;1,945;61;1,945;1,945;20;251;341;359;86;418;1,945;90;	169k;1.4m;199;1.4m;1.4m;712;393;291;484;521;346;1.4m;171;	150;601;254;601;601;458;687;566;205;617;332;601;563;	2	83,883,81310,890,782	67,926
iamsarahgrafferty	1,945	1.4m	601	1	14	1,748;2,385;38;73;1,945;0;333;49;46;129;234;775;66;482;	93k;84.4k;3,348;5,712;1.4m;2;913;527;1,171;648;196;342;509;448;	2,997;2,130;423;13;601;10;742;368;639;455;515;495;447;1,165;	2	50,576,6191,637	55,786
iamsarahgrafferty	1,945	1.4m	601	0	12	382;248;164;815;254;1,945;542;288;1,945;387;113;146;	691;684;203;496;793;1.4m;1,382;662;1.4m;190;124;1,065;	622;677;557;409;788;601;1,161;733;601;477;223;586;	0		38,369
iamsarahgrafferty	1,945	1.4m	601	1	6	127;35;213;341;1,945;29;	457;294;266;692;1.4m;23;	552;257;436;762;601;68;	0		38,723
iamsarahgrafferty	1,945	1.4m	601	1	6	1,346;1,945;2;448;63;154;	169k;1.4m;1,381;1,118;80;217;	150;601;59;809;123;325;	1	62,605	23,399
iamsarahgrafferty	1,945	1.4m	601	0	10	2,534;434;77;28;1,945;1,945;9;5;680;9;	37.3k;19.5k;257;582;1.4m;1.4m;168;925;1,808;338;	197;291;231;208;601;601;326;970;665;651;	4	16,242,51149155,853,785	106,374
iamsarahgrafferty	1,945	1.4m	601	0	7	199;380;355;1,945;575;130;87;	2,164;439;437;1.4m;979;166;687;	823;679;403;601;726;280;820;	2	124,107	72,570
iamsarahgrafferty	1,945	1.4m	601	0	14	1,945;63;34;4;34;411;39;51;322;0;14;139;10;459;	1.4m;1,905;337;447;337;669;463;1,632;1,079;7;80;403;613;281;	601;333;258;155;258;1,132;602;774;626;166;634;339;398;1,014;	2	3,175,622295,397	143,753
iamsarahgrafferty	1,945	1.4m	601	0	15	13;1,945;10;10;10;1,945;485;1,945;340;13;10;340;10;340;333;	51;1.4m;106;106;106;1.4m;253k;1.4m;407;51;106;407;106;407;6,110;	635;601;227;227;227;601;1,058;601;821;635;227;821;227;821;449;	0		35,932
iamsarahgrafferty	1,945	1.4m	601	1	13	68;11;550;313;1,164;313;222;33;363;5;4;156;358;	271;24;298;401;909;401;261;221;176;108;97;149;395;	253;19;808;389;456;389;642;132;309;306;234;210;984;	0		30,735
iamsarahgrafferty	1,945	1.4m	601	1	7	3,821;73;457;157;16;1,945;	3.6m;5,712;2,199;240;2,718;1.4m;	587;13;2,890;627;21;601;	2	7,890,10983,883,898	44,036
iamsarahgrafferty	1,945	1.4m	601	1	11	204;53;118;70;89;174;4;419;9;72;1,945;	702;256;172;166;295;102;106;300;338;814;1.4m;	1,536;340;271;403;383;375;162;451;636;408;601;	0		30,811
iamsarahgrafferty	1,945	1.4m	601	1	10	237;604;118;1,945;607;368;324;107;36;308;	364;252;682k;1.4m;631;328;21;520;39;252;	835;712;58;601;643;444;181;576;84;451;	0		22,392
iamsarahgrafferty	1,945	1.4m	601	1	9	159;866;185;57;134;203;169;214;19;	373;2,100;476;713;155;850;2,149;756;171;	480;1,000;568;659;901;749;1,753;498;117;	2	83,883,93590,539,508	28,076
iamsarahgrafferty	1,945	1.4m	601	1	11	25;501;1,945;519;71;6;32;1,945;1,945;67;20;	633;585;1.4m;313;1,249;1,138;1,024;1.4m;1.4m;584;509;	803;415;601;361;1,464;1,005;1,115;601;601;434;627;	4	27,1823,175,61950,576,96430,133,657	91,237
iamsarahgrafferty	1,945	1.4m	601	1	6	5,102;1,945;9;5;35;116;	725k;1.4m;252;601;885;610;	75;601;564;568;888;706;	1	311,755	11,598
iamsarahgrafferty	1,945	1.4m	601	1	4	5,102;1,945;244;133;	725k;1.4m;314;106;	75;601;742;388;	4	29,453,798215,611	16,515
iamsarahgrafferty	1,945	1.4m	601	0	13	694;0;20;224;1,945;118;35;94;282;246;1,619;1,945;207;	108;283;387;618;1.4m;603;205;198;336;182;18.4k;1.4m;758;	201;374;342;605;601;562;286;831;706;266;901;601;829;	3	29,453,80136,211,249	21,387
iamsarahgrafferty	1,945	1.4m	601	1	9	6,170;102;0;2;1,275;3;1,945;12;1,945;	1.3m;471;283;87;907;118;1.4m;59;1.4m;	871;570;374;64;938;83;601;219;601;	0		17,592
iamsarahgrafferty	1,945	1.4m	601	1	13	118;12;6,170;228;38;141;13;30;1,945;25;22;0;22;	682k;75;1.3m;1.7m;602;209;757;1,911;1.4m;161;492;202;184;	58;8;871;340;595;339;459;922;601;57;435;242;154;	4	34,326960,9333,175,622	67,324
iamgabrielmacht	228	1.7m	340	0	10	770;257;285;228;88;237;932;17;299;253;	1,156;375;406;1.7m;332;194;709;208;342;974;	1,144;492;180;340;420;299;663;211;519;103;	3	1,185,768433,286327,414	473,872
iamgabrielmacht	228	1.7m	340	0	18	278;296;1,894;2,295;228;111;232;232;234;186;25;264;657;228;753;125;68;85;	30.9k;316k;151k;1.2m;1.7m;205;86;86;196;779;1,392;1,808;793;1.7m;500;1,001;184;158;	116;0;1,002;1,143;340;1,160;402;402;515;956;1,260;2,067;782;340;1,045;925;217;163;	0		90,987
iamgabrielmacht	228	1.7m	340	0	16	1,894;203;454;228;17;389;241;575;122;90;784;136;121;363;121;815;	151k;1,065;905;1.7m;591;1,125;1,011;1,152;1,693;1,113;1,139;79;682;552;682;1,165;	1,002;1,438;1,112;340;1,003;722;817;1,761;1,258;816;930;148;628;554;628;994;	1	264,410	218,983
iamgabrielmacht	228	1.7m	340	0	12	1,894;512;40;92;28;86;62;68;228;228;149;284;	151k;144k;901;692;680;1,084;118;985;1.7m;1.7m;80;18k;	1,002;316;533;575;680;785;221;507;340;340;94;944;	2	481,1053,810	253,076
iamgabrielmacht	228	1.7m	340	0	16	35;45;180;363;67;180;92;371;579;46;17;22;53;222;9;52;	186;339;1,079;2,365;401;1,079;211;354;855;744;117;809;554;3,288;130;627;	529;220;783;1,039;440;783;215;431;879;822;167;349;609;714;296;222;	3	98,882,5041,675,1316,118,976	182,378
iamgabrielmacht	228	1.7m	340	0	5	1;228;144;228;228;	461;1.7m;1,663;1.7m;1.7m;	35;340;1,256;340;340;	1	8,354,246	52,660
iamgabrielmacht	228	1.7m	340	0	7	512;483;9;50;228;113;228;	144k;58.7k;168;152;1.7m;344;1.7m;	316;1,595;326;192;340;390;340;	1	344	78,007
iamgabrielmacht	228	1.7m	340	0	26	1,049;1,239;1,121;601;30;259;1;94;203;1;628;1;628;1;628;1;628;0;259;209;40;46;12;43;0;19;	1m;25.6k;9,540;20k;465;317;71;232;1,638;497k;21.9k;497k;21.9k;497k;21.9k;497k;21.9k;207;396;1,876;1,169;1,006;236;646;511;93;	251;1,281;1,674;403;463;374;120;278;1,028;124;10;124;10;124;10;124;10;736;503;1,259;365;863;535;735;400;74;	8	1,465179,53112,148,473253,089,4941606,418	112,924
iamgabrielmacht	228	1.7m	340	0	16	65;24;228;780;6;139;881;1,357;186;228;825;380;512;228;213;410;	374;102;1.7m;919;108;406;942;237;789;1.7m;1.1m;3,292;144k;1.7m;508;432;	275;843;340;701;842;1,042;1,062;475;387;340;16;177;316;340;113;140;	5	17,671,641948,428224,680,119140,66824,125,062	136,490
iamgabrielmacht	228	1.7m	340	0	16	3;54;380;10;380;294;843;31;116;557;1,000;2,065;222;401;401;54;	438;349;3,292;149;3,292;154;2,082;121;194;47.5k;167;258;75;427;427;75;	421;277;177;143;177;154;989;117;538;1,192;607;511;120;577;577;112;	0		44,897
iamgabrielmacht	228	1.7m	340	0	14	3,162;48;1,040;91;121;65;949;105;1,128;179;170;454;56;3;	2.2m;2,027;1,794;211;834;406;1,321;805;4,384;298;425;529;959;1,016;	660;606;713;543;761;307;826;1,007;616;531;541;502;1,180;939;	3	327,4503,175,6301,243	254,259
iamgabrielmacht	228	1.7m	340	0	4	77;158;77;228;	500;202;500;1.7m;	630;225;630;340;	1	29,453,811	121,232
iamgabrielmacht	228	1.7m	340	0	4	512;847;12;31;	144k;252;38;653;	316;388;61;678;	4	1,895,63431,196,8731,810,145296,749	22,063
iamgabrielmacht	228	1.7m	340	0	17	2;278;36;165;437;254;238;14;228;43;82;82;43;21;32;95;	95;594;1,146;709;1,437;258;355;93;1.7m;1,394;645;645;1,394;1,136;778;732;	163;117;279;168;514;540;479;362;340;1,361;501;501;1,361;816;778;754;	2	12,028,3575,067,360	76,015
iamgabrielmacht	228	1.7m	340	0	19	512;1,932;228;261;0;1,021;17;720;1,841;228;14;228;610;305;228;512;1,774;823;	144k;217;1.7m;196;13;2,215;19;270;9,468;1.7m;45;1.7m;23.5m;113;1.7m;144k;84;69;	316;664;340;464;75;2,539;101;1,567;6,449;340;54;340;80;288;340;316;196;505;	0		54,196
iamgabrielmacht	228	1.7m	340	0	13	315;92;0;59;349;225;62;22;685;228;28;493;376;	4,673;578;1,425;941;41k;654;278;54;1,548;1.7m;245;856;1,707;	668;318;1,216;472;749;602;330;84;932;340;383;686;1,194;	10	1,133,438280,1496,267,81481,485,4786,174,564833,46818,562,52015,755,02082,360,26312,968,583	93,327
iamgabrielmacht	228	1.7m	340	0	11	315;72;312;12;228;121;10;10;163;2,438;727;	4,673;89;406;489;1.7m;2,205;1,112;1,112;599;950;569;	668;299;295;1,858;340;861;625;625;530;437;536;	3	5,79258,930,9031,521	10,815
iamgabrielmacht	228	1.7m	340	0	19	278;1;2;1;380;512;3;297;309;228;30;20;119;521;2,339;534;722;6;	594;109;95;461;3,292;144k;113;505;207;1.7m;454;270;506;629;1,058;1,419;1,395;105;	117;53;163;35;177;316;194;352;934;340;688;257;387;656;628;655;1,026;121;	3	423,714,724288,75662,382,903	103,699
iamgabrielmacht	228	1.7m	340	0	15	1,827;644;531;58;58;23;10;79;81;5;228;421;12;1,827;108;	128k;365k;290;395;395;309;427;1,273;1,145;1,195;1.7m;766;314;128k;311;	227;143;392;310;310;308;389;1,260;598;465;340;615;366;227;247;	1	179	39,134
iamgabrielmacht	228	1.7m	340	0	14	138;4,436;34;66;101;97;127;0;2,001;22;27;228;572;586;	360k;4.7m;282;479;183;516;212;115;2.8m;4,375;718;1.7m;617;1,414;	37;321;391;699;224;1,791;466;365;7,498;1,180;636;340;199;331;	5	49,482,18089714,605169,116	62,220
iamgabrielmacht	228	1.7m	340	0	18	3,162;238;53;232;42;228;135;28;135;3;3;39;2;17;38;124;1,429;6;	2.2m;1,774;806;543;9,326;1.7m;311;63;311;802;802;883;293;439;788;548;219k;318;	660;698;769;1,104;787;340;93;233;93;405;405;719;534;327;851;559;343;343;	3	878,2043,175,647629,555	271,507
iamgabrielmacht	228	1.7m	340	0	11	228;637;1,070;785;12;468;21;22;325;48;	1.7m;1,399;543;599;156;1,166;184;171;519;427;	340;5,338;678;785;403;1,485;151;61;514;98;	10	423,714,7563,175,6493,341,969874664,049,617428,3901,98628,753,585	97,374
iamgabrielmacht	228	1.7m	340	0	17	1,311;0;131;13;9;1,311;423;1,091;50;968;50;968;3,317;282;103;111;36;	281k;108;245;65;241;281k;319;463;530;438;530;438;29k;294;836;1,123;2,254;	32;13;820;123;211;32;859;1,838;653;620;653;620;5,421;638;460;717;402;	2	131,9061,457,156	125,091
iamgabrielmacht	228	1.7m	340	0	8	512;12;1,554;54;34;39;998;	144k;578;593;2,321;131;803;169;	316;590;997;1,900;137;549;158;	13	15,789,6494,376,4585,879,269161,8681,858,36141,797,596233,5418,0272,663,58141,797,5972,218,959126,761315,767,542	49,021
iamgabrielmacht	228	1.7m	340	0	14	585;288;31;30;518;42;634;36;39;23;673;561;78;96;	942;1,115;719;468;87;57;266;87;883;623;473;821;1,189;891;	2,054;1,091;239;294;172;112;439;113;719;420;749;952;770;1,006;	3	18,146,01942,651,323224,680,281	358,217
lex_ishimoto	1,385	141k	324	0	5	104;104;104;104;104;	1,185;1,185;1,185;1,185;1,185;	970;970;970;970;970;	1	5,389	12,913
lex_ishimoto	1,385	141k	324	0	4	38;28;28;3,822;	1,748;1,358;1,358;146k;	2,136;1,287;1,287;1,443;	1	5,389	9,921
lex_ishimoto	1,385	141k	324	0	1	1,083;	66.9k;	38;	1	5,389	4,521
lex_ishimoto	1,385	141k	324	0	6	2,553;2,063;1,353;92;1,385;2,141;	412k;577k;115k;792;141k;304;	1,869;971;266;418;324;300;	1	5,389	12,248
lex_ishimoto	1,385	141k	324	0	0				1	5,389	9,415
lex_ishimoto	1,385	141k	324	0	2	20;3,987;	385;1,034;	769;744;	1	5,389	9,255
lex_ishimoto	1,385	141k	324	0	1	558;	95.7k;	473;	1	5,389	7,785
lex_ishimoto	1,385	141k	324	0	6	57;49;9;50;1,385;483;	1,373;969;949;284;141k;787;	987;799;824;703;324;699;	1	5,389	13,365
lex_ishimoto	1,385	141k	324	0	2	1,385;64;	141k;854;	324;414;	1	5,389	9,383
lex_ishimoto	1,385	141k	324	0	3	1,498;1,385;24;	135k;141k;109;	2,169;324;208;	2	156,0255,389	8,335
lex_ishimoto	1,385	141k	324	0	0				1	5,389	4,892
lex_ishimoto	1,385	141k	324	0	2	587;9;	837;364;	353;199;	1	5,389	7,449
lex_ishimoto	1,385	141k	324	0	4	1,600;375;363;1,385;	10.3k;6,710;8,194;141k;	784;677;655;324;	1	5,389	5,946
lex_ishimoto	1,385	141k	324	0	1	63;	1,105;	710;	1	5,389	4,000
lex_ishimoto	1,385	141k	324	0	3	1,111;1,385;1,385;	153k;141k;141k;	567;324;324;	1	5,389	6,790
lex_ishimoto	1,385	141k	324	0	0				1	5,389	5,731
lex_ishimoto	1,385	141k	324	0	0				1	5,389	5,237
lex_ishimoto	1,385	141k	324	0	5	1,385;21;21;487;487;	141k;44;44;165k;165k;	324;55;55;797;797;	2	11,854,0865,389	10,074
parishilton	9,127	8.8m	4,583	0	2	1,312;320;	237k;3,908;	0;117;	0		28,085
parishilton	9,127	8.8m	4,583	1	4	9,127;574;9,127;27;	8.8m;261;8.8m;2,852;	4,583;667;4,583;538;	1	2,740	55,088
parishilton	9,127	8.8m	4,583	1	3	1,860;245;9,127;	3.5m;373;8.8m;	400;811;4,583;	1	3,080,359	59,088
parishilton	9,127	8.8m	4,583	1	10	9,127;2,344;232;243;1,769;625;9,127;9,127;9,127;28;	8.8m;199;8,208;351;440;557;8.8m;8.8m;8.8m;106;	4,583;544;325;577;353;875;4,583;4,583;4,583;570;	0		91,966
parishilton	9,127	8.8m	4,583	1	4	324;57;9,127;9,127;	33.7k;1,553;8.8m;8.8m;	0;969;4,583;4,583;	1	370,911	239,690
parishilton	9,127	8.8m	4,583	1	9	3,548;148;426;442;132;22;13;227;148;	3.2m;1,113;11.8k;195;1,100;683;38;320;1,113;	1,005;552;190;193;824;3,226;23;411;552;	0		109,223
parishilton	9,127	8.8m	4,583	1	4	1,894;2;124;249;	151k;43;168;570;	1,002;304;694;734;	0		35,254
parishilton	9,127	8.8m	4,583	1	8	1,894;180;63;0;9,127;1,243;34;70;	151k;126;275;62;8.8m;355;92;520;	1,002;196;539;268;4,583;454;758;431;	0		121,123
parishilton	9,127	8.8m	4,583	0	8	100;20;179;760;285;73;9,127;9,127;	512;811;741;769;1,462;456;8.8m;8.8m;	473;848;739;2,474;283;750;4,583;4,583;	1	423,714,891	258,621
parishilton	9,127	8.8m	4,583	1	3	1,881;9,127;711;	301k;8.8m;117k;	35;4,583;384;	1	54,974,900	32,245
parishilton	9,127	8.8m	4,583	1	4	1,881;9,127;8;6;	301k;8.8m;236;1;	35;4,583;184;85;	1	12,273	67,471
parishilton	9,127	8.8m	4,583	1	7	1,881;9,127;1,037;9,127;9,127;212;51;	301k;8.8m;26.2k;8.8m;8.8m;309;704;	35;4,583;1,813;4,583;4,583;432;655;	1	9,864,444	111,661
parishilton	9,127	8.8m	4,583	1	8	122;1,529;341;9,127;45;9,127;9,127;6;	11.6k;35.2k;69.4k;8.8m;1,120;8.8m;8.8m;1;	27;1,670;511;4,583;274;4,583;4,583;85;	0		39,949
parishilton	9,127	8.8m	4,583	1	1	9,127;	8.8m;	4,583;	0		70,673
parishilton	9,127	8.8m	4,583	1	2	1,529;9,127;	35.2k;8.8m;	1,670;4,583;	2	3,080,3684,127	31,947
parishilton	9,127	8.8m	4,583	0	2	9,127;98;	8.8m;1,124;	4,583;1,122;	0		107,644
parishilton	9,127	8.8m	4,583	1	5	100;76;42;76;9,127;	469k;410;746;410;8.8m;	4;488;1,335;488;4,583;	2	3,080,3681,014,809	65,323
parishilton	9,127	8.8m	4,583	0	4	633;1,833;9,127;9,127;	237k;1.1m;8.8m;8.8m;	438;803;4,583;4,583;	1	16,242,539	98,116
parishilton	9,127	8.8m	4,583	1	8	4,863;22;9,127;1,604;251;343;89;89;	46.5k;1,011;8.8m;165k;1,527;1,096;654;654;	355;457;4,583;4,029;745;504;691;691;	1	3,080,370	12,187
parishilton	9,127	8.8m	4,583	0	4	9,127;9,127;52;980;	8.8m;8.8m;107;1,044;	4,583;4,583;220;1,053;	1	50,220,257	72,908
parishilton	9,127	8.8m	4,583	0	3	32;9,127;9,127;	161;8.8m;8.8m;	228;4,583;4,583;	1	813,538	175,787
parishilton	9,127	8.8m	4,583	1	11	4,863;9,127;347;406;4;9,127;924;14;4;14;156;	46.5k;8.8m;1,542;1,027;1,032;8.8m;10.4k;576;1,032;576;241;	355;4,583;688;688;148;4,583;996;215;148;215;240;	2	3,080,37211,406,679	14,021
parishilton	9,127	8.8m	4,583	1	4	151;241;158;9,127;	8,577;348;466;8.8m;	97;613;428;4,583;	1	3,080,372	61,202
parishilton	9,127	8.8m	4,583	0	2	2,452;9,127;	2.1m;8.8m;	749;4,583;	3	309,13311,28817,671,623	42,768
parishilton	9,127	8.8m	4,583	0	9	1,262;633;152;809;9,127;19;83;83;0;	319;237k;721;387;8.8m;7,185;3,232;3,232;0;	317;438;608;469;4,583;470;1,857;1,857;3;	1	11,288	83,968
parishilton	9,127	8.8m	4,583	0	5	103;805;0;24;	341;231;0;334;	363;455;1,810;567;	1	4,295	54,789
dreamwedding4u	902	1.3m	196	0	13	3,589;45;59;3,589;478;189;146;106;189;48;189;48;189;	678;2,118;3,074;678;114;467;721;393;467;1,407;467;1,407;467;	1,436;465;404;1,436;225;4,171;808;491;4,171;4,156;4,171;4,156;4,171;	2	327,607475,110	56,083
dreamwedding4u	902	1.3m	196	1	18	625;902;1;5;241;31;42;96;131;150;1;49;60;1,568;774;41;8;41;	313k;1.3m;544;323;272;305;871;471;245;167;13;113;458;245;921;257;72;257;	202;196;518;217;1,299;361;729;412;229;942;108;125;2,143;445;1,982;226;163;226;	5	114,343,4719,707,20934,039,5434,647,40517,098,298	21,463
dreamwedding4u	902	1.3m	196	0	27	197;112;99;23;1;50;32;41;29;55;6;40;6;40;6;40;26;0;26;32;29;26;576;4;6;2;19;	1,293;1,179;27.9k;243;171;261;51;166;368;94;444;579;444;579;444;579;854;25;854;278;600;264;242;67;232;812;116;	1,709;900;1,501;292;177;47;55;220;745;2,333;130;186;130;186;130;186;305;53;305;918;92;563;698;46;237;211;166;	3	6,8499,200,2491,317,532,901	31,162
dreamwedding4u	902	1.3m	196	1	25	625;21;78;7;35;76;0;88;135;8;13;0;6;3;10;463;47;24;30;303;12;17;65;29;5;	313k;544;80;96;239;375;16;986;335;248;277;182;544;1,456;160;175;985;524;1,211;457;269;340;121;653;323;	202;661;127;492;212;1,294;156;596;352;312;107;55;170;211;217;314;89;549;459;525;368;194;221;517;217;	0		23,184
dreamwedding4u	902	1.3m	196	0	22	343;12;47;232;1,149;62;1,294;4;431;46;5,352;167;167;16;3;181;2,798;32;99;290;5;0;	20.3k;2,292;467;291;1,219;117;347;25;139;269;16.4k;2,103;2,103;1,202;53;182;270;138;417;361;564;90;	587;971;281;1,069;1,806;121;382;196;372;905;419;1,015;1,015;159;59;633;358;609;699;1,381;697;89;	3	1,194,7475,160,6401,317,533,458	42,515
dreamwedding4u	902	1.3m	196	1	21	301;27;63;87;68;32;24;17;22;24;15;0;8;0;93;31;264;0;1;38;47;	274;427;22.4k;26;70;142;397;122;3,398;397;240;91;746;247;349;1,136;186;128;544;421;1,073;	722;416;56;1,426;1,087;298;306;174;1,660;306;243;111;451;210;335;3,321;578;186;518;378;130;	0		40,534
dreamwedding4u	902	1.3m	196	0	1	520;	212k;	2;	1	8,354,239	30,615
veronicabeard	1,842	57.1k	1,239	0	5	194;81;834;25;2,485;	94;98;60.2k;213;614;	360;375;1,731;331;1,110;	1	1,186,618	37,677
veronicabeard	1,842	57.1k	1,239	0	7	3,402;5,015;7;231;261;2,531;576;	938;54.4k;200;1,298;1,975;99.5k;1,119;	1,278;3;365;1,162;1,852;762;1,830;	2	1,186,62688,900,770	11,009
veronicabeard	1,842	57.1k	1,239	0	1	2,950;	256k;	606;	0		308
veronicabeard	1,842	57.1k	1,239	1	1	1,842;	57.1k;	1,239;	0		721
veronicabeard	1,842	57.1k	1,239	0	0				0		577
veronicabeard	1,842	57.1k	1,239	0	10	395;58;0;392;123;231;143;169;1,021;743;	723;749;21;1,408;529;1,430;160;691;196;243;	711;512;3;1,055;398;776;466;637;663;383;	0		1,197
veronicabeard	1,842	57.1k	1,239	0	7	547;2,357;586;586;1,842;586;1,697;	30.5k;71k;1,308;1,308;57.1k;1,308;354k;	565;419;1,254;1,254;1,239;1,254;774;	1	16,242,541	1,008
veronicabeard	1,842	57.1k	1,239	0	6	547;2,357;322;322;506;322;	30.5k;71k;1,081;1,081;32.9k;1,081;	565;419;1,210;1,210;284;1,210;	1	16,242,541	566
veronicabeard	1,842	57.1k	1,239	0	1	4,122;	89.8k;	1,226;	1	15	445
veronicabeard	1,842	57.1k	1,239	1	0				1	16,242,541	260
veronicabeard	1,842	57.1k	1,239	1	8	547;2,357;1,842;547;3,077;322;586;1,842;	30.5k;71k;57.1k;30.5k;167k;1,081;1,308;57.1k;	565;419;1,239;565;1,014;1,210;1,254;1,239;	0		966
veronicabeard	1,842	57.1k	1,239	0	0				0		794
veronicabeard	1,842	57.1k	1,239	0	2	1,842;586;	57.1k;1,308;	1,239;1,254;	1	274,050	614
veronicabeard	1,842	57.1k	1,239	0	6	547;2,357;1,782;322;180;547;	30.5k;71k;1,697;1,081;866;30.5k;	565;419;2,189;1,210;1,374;565;	0		445
veronicabeard	1,842	57.1k	1,239	0	28	1,014;226;591;2,595;407;323;96;18;200;368;417;1,825;929;186;620;845;308;876;249;319;179;46;183;42;992;112;980;267;	1,070;649;5,021;11.6k;457;252;187;110;76;544;425;590;484;293;600;712;222;397;295;584;322;111;282;224;681;68;2,014;3,814;	1,117;784;2,266;1,128;493;490;306;157;90;1,166;697;993;726;371;422;963;631;788;527;624;328;164;383;334;948;93;3,072;5,857;	0		1,257
veronicabeard	1,842	57.1k	1,239	0	4	1,994;487;1,994;1,994;	19.4k;389;19.4k;19.4k;	2,433;398;2,433;2,433;	1	16,242,547	354
veronicabeard	1,842	57.1k	1,239	0	1	8,805;	203k;	1,449;	0		256
veronicabeard	1,842	57.1k	1,239	1	2	979;74;	23k;1,342;	649;732;	1	2,570,599	224
veronicabeard	1,842	57.1k	1,239	0	7	1,340;3,955;97;1,340;687;145;93;	24.8k;423;1,021;24.8k;3,133;943;3,813;	687;4,955;836;687;1,615;1,452;1,473;	0		406
veronicabeard	1,842	57.1k	1,239	0	1	887;	65k;	667;	0		328
veronicabeard	1,842	57.1k	1,239	0	3	362;490;1,842;	118k;4,643;57.1k;	1,999;961;1,239;	0		779
veronicabeard	1,842	57.1k	1,239	0	7	330;168;1,842;3;329;329;1,842;	2,733;1,208;57.1k;13;2,370;2,370;57.1k;	156;530;1,239;59;867;867;1,239;	2	32,299157	253
veronicabeard	1,842	57.1k	1,239	0	8	1,533;1,200;2,515;2,515;26;90;1,842;26;	126k;2,837;836k;836k;208;29;57.1k;208;	737;1,222;560;560;505;1,905;1,239;505;	0		1,054
veronicabeard	1,842	57.1k	1,239	0	0				0		1,108
veronicabeard	1,842	57.1k	1,239	0	1	4,270;	911k;	767;	0		330
veronicabeard	1,842	57.1k	1,239	0	24	725;1,473;158;735;1,435;2,049;549;351;351;1,571;196;318;125;1,524;406;1;14;209;165;328;1,015;170;182;	76;550;171;349;933;525;290;487;487;1,384;2,799;261;521;855;306;104;114;1,336;89;336;2,906;559;841;	291;509;251;338;1,069;324;451;500;500;1,281;470;683;1,203;789;343;240;229;4,254;550;228;4,465;641;747;	0		1,048
veronicabeard	1,842	57.1k	1,239	0	3	4,270;51;576;	911k;352;368;	767;838;615;	1	15	873
bitch	3,146	2.3m	49	0	17	38;136;53;13;32;6;145;343;4;17;15;275;21;48;36;4;6;	520;66;837;1,383;96;631;556;739;559;916;746;730;231;807;152;559;215;	471;402;450;919;100;149;318;668;528;875;645;788;413;1,666;426;528;466;	0		145,755
bitch	3,146	2.3m	49	0	16	7;18;7;973;14;102;7;107;0;55;225;33;10;9;100;457;	49;764;368;5,643;414;919;185;298;673;137;815;527;530;1,196;205;374;	86;714;357;788;346;867;136;185;127;1,788;1,491;290;516;340;425;1,003;	0		241,286
bitch	3,146	2.3m	49	0	25	50;151;608;42;12;36;137;3;199;14;1,061;0;134;9;50;4;0;97;10;117;699;14;863;288;97;	462;1,312;285;12;765;61;750;294;96;959;552;351;634;1,192;546;50;0;5;693;758;401;1,348;682;340;161;	352;656;245;532;624;330;772;564;82;874;317;531;597;212;321;54;0;8;455;390;321;528;573;820;128;	0		163,760
