user	postsNum	followersNum	followingNum	hasLocation	AtUserNum	AtUserPostsNum	AtUserFollowerNum	AtUserFollowingNum	hashTagNum	hashTagPostsNum	likeNum
chrisnumber8	706	45.1k	218	1	12	2,472;48;770;82;29;410;38;30;936;447;5,907;706;	79.3k;590;15.2k;62;192;10.1k;105;139;99;152k;75.8k;45.1k;	296;365;619;80;406;237;109;530;219;194;1,027;218;	25	22,049618,983936,629687,5951,307,5753,198,9731,383,933444,3781,272,4432,732,3899,690,547483,7451,477,046725,789504,9131,100,794379,8343,736,302141,174636,29723,6521,56228,7383,539,978214,556	997
chrisnumber8	706	45.1k	218	1	9	2,472;2,535;302;3,563;93;589;1,747;1,551;770;	79.3k;19.5k;13.8k;736k;217;14.3k;144k;89.4k;15.2k;	296;355;300;291;276;619;486;286;619;	5	819,893428,4184,043,49215,002	996
chrisnumber8	706	45.1k	218	1	11	2,847;1,551;1,439;953;770;1,747;1,116;2,472;407;412;354;	215k;89.4k;17.8k;121k;15.2k;144k;30.5k;79.3k;84.1k;13.3k;19.5k;	433;286;474;504;619;486;819;296;374;114;229;	15	2,138,3259,315,02172,782283,072735,812309,675136,502363,170345,868218,080549,317416,747297,320214,556165,541	1,026
chrisnumber8	706	45.1k	218	1	9	412;1,016;589;407;2,668;77;447;196;354;	13.3k;6,532;14.3k;84.1k;5,857;73;152k;7,135;19.5k;	114;419;619;374;199;169;194;429;229;	23	22,049618,983936,635687,6011,307,5873,198,9871,383,941444,3801,272,4482,732,3939,690,558483,7471,477,051725,790504,9191,100,800379,8373,736,312141,176636,30123,6551,56228,739	956
chrisnumber8	706	45.1k	218	1	5	2,535;196;63;1,551;537;	19.5k;7,135;51.1k;89.4k;1,750;	355;429;362;286;198;	20	22,049618,983936,642687,6041,307,5893,198,9921,383,946444,3811,272,4512,732,3949,690,561483,7511,477,053725,790504,9201,100,806379,840	1,817
chrisnumber8	706	45.1k	218	1	9	589;1,747;22;1,052;42;1,691;717;145;460;	14.3k;144k;75;323;44;23.3k;170;13.1k;7,515;	619;486;128;268;59;505;542;191;411;	25	244,935478,387840,13366,5614,009,341636,3031,050,5411,124,7711,707,764	873
chrisnumber8	706	45.1k	218	1	10	2,472;354;1,551;3,187;24;790;205;196;1,746;761;	79.3k;19.5k;89.4k;677;65.6k;64;471;7,135;144k;35.9k;	296;229;286;499;376;140;285;429;486;401;	26	819,907428,4224,043,52115,00222,049618,985936,648687,6111,307,5923,199,0001,383,952444,3871,272,4532,732,3999,690,570483,7551,477,062725,791504,9281,100,816379,8443,736,3183,539,985636,304214,556	1,334
chrisnumber8	706	45.1k	218	1	1	1,297;	67.1k;	257;	22	22,049618,985936,652687,613504,9301,100,819379,8443,736,3243,539,989636,303214,556	1,456
chrisnumber8	706	45.1k	218	1	11	78;78;78;78;78;78;78;78;1,016;2,472;145;	204k;204k;204k;204k;204k;204k;204k;204k;6,532;79.3k;13.1k;	717;717;717;717;717;717;717;717;419;296;191;	19	169,274527,994592,315936,90256,9931,102,987266,030283,2662,679,187636,860954,8811,327,891341,0222,160,826802,959	1,001
chrisnumber8	706	45.1k	218	1	6	302;407;1,109;1,016;318;649;	13.8k;84.1k;33.4k;6,532;8,115;48.6k;	300;374;696;419;1,026;332;	29	1,103,223819,911428,4244,043,53415,00223,119189,1481,188,2113,619,2763,595,5521,635,231425,6772,138,3369,315,08172,782283,072	1,559
chrisnumber8	706	45.1k	218	1	12	38;2,535;410;1,016;589;1,743;196;1,052;447;42;1,746;2,187;	105;19.5k;10.1k;6,532;14.3k;32.1k;7,134;323;152k;351;144k;40.6k;	109;355;237;419;619;500;429;268;194;590;486;240;	29	1,103,223819,913428,4264,043,53815,00223,11922,049618,986936,658687,6181,307,6063,199,0181,383,957444,3941,272,474409,0302,732,4029,690,584483,7621,477,065	951
chrisnumber8	706	45.1k	218	1	8	410;407;589;447;26;2,472;388;953;	10.1k;84.1k;14.3k;152k;227;79.3k;845;121k;	237;374;619;194;543;296;294;504;	28	1,103,226819,914428,4284,043,54215,00223,11922,049618,986936,664687,6231,307,6103,199,0221,383,957444,3951,272,479409,031	1,408
chrisnumber8	706	45.1k	218	1	9	410;2,535;649;748;2,847;1,747;589;3,563;542;	10.1k;19.5k;48.6k;6,994;215k;144k;14.3k;736k;39.9k;	237;355;332;377;433;486;619;291;233;	23	1,103,23022,049618,986936,666687,6261,307,6153,199,0281,383,956444,3961,272,478409,0322,732,4039,690,597483,7671,477,071725,794504,9341,100,831379,8493,736,3663,539,999636,302	997
chrisnumber8	706	45.1k	218	1	5	196;302;407;460;6,079;	7,134;13.8k;84.1k;7,514;1,043;	429;300;374;411;815;	23	1,103,23022,051618,986936,670687,6261,307,6183,199,0311,383,955444,3961,272,477409,0322,732,4049,690,600483,7691,477,075725,794504,9371,100,836	1,585
chrisnumber8	706	45.1k	218	1	9	953;542;1,691;410;589;38;407;1,016;354;	121k;39.9k;23.3k;10.1k;14.3k;105;84.1k;6,532;19.5k;	504;233;505;237;619;109;374;419;229;	22	725,794504,9381,100,838379,8533,736,3713,540,001636,298	1,710
chrisnumber8	706	45.1k	218	1	1	62;	14.6k;	5,826;	28	1,103,234819,919428,4284,043,54415,00223,11922,051618,987936,674687,6311,307,6253,199,0411,383,957725,794504,9381,100,840379,8533,736,3753,540,003636,298	1,463
chrisnumber8	706	45.1k	218	1	6	302;196;936;515;460;0;	13.8k;7,134;99;157k;7,514;6;	300;429;219;284;411;92;	25	1,103,237189,148282,107331,188,2193,619,3161,963,8689,507,0173,595,5871,963,8681,635,235	1,788
chrisnumber8	706	45.1k	218	1	12	302;24;407;953;589;1,551;1,052;542;599;2,628;706;1,016;	13.8k;65.6k;84.1k;121k;14.3k;89.4k;323;39.9k;86.2k;3,883;45.1k;6,532;	300;376;374;504;619;286;268;233;334;1,377;218;419;	27	6,80142,526913,538236,6512,916,8651,638,194641,909693,477310,1151,844,69791,414552,304641,498244,941478,387296,3171,365,276840,13766,5614,009,423636,299181,578	2,431
chrisnumber8	706	45.1k	218	1	5	232;74;174;407;706;	4,689;2,949;98.8k;84.1k;45.1k;	182;1,263;5,045;374;218;	23	21,062406,14822,051618,987936,692687,6381,307,6383,199,0541,383,966444,4081,272,480409,0342,732,4109,690,614483,7801,477,091725,796504,948	639
chrisnumber8	706	45.1k	218	1	8	481;63;819;407;912;542;354;196;	4,414;51.1k;7,783;84.1k;49.5k;39.9k;19.5k;7,134;	506;362;1,859;374;228;233;229;429;	28	21,062406,14842,526913,540236,6512,916,8771,638,195641,912693,4761,844,69991,414552,306641,502244,941296,3171,365,282840,14466,5614,009,442636,300181,57823,121	892
chrisnumber8	706	45.1k	218	1	10	337;748;1,016;196;460;407;221;24;981;706;	450;6,994;6,532;7,134;7,514;84.1k;13.2k;65.6k;1,929;45.1k;	330;377;419;429;411;374;670;376;236;218;	30	21,062406,14742,526913,538236,6512,916,8811,638,195641,915693,476310,1171,844,70391,4141,703,104552,3061,124,782256,887641,506244,943	515
chrisnumber8	706	45.1k	218	1	12	589;453;388;1,551;196;57;407;649;53;354;1,692;649;	14.3k;6,780;3,908;89.4k;7,134;137;84.1k;48.6k;4,431;19.5k;23.3k;48.6k;	619;291;985;286;429;225;374;332;446;229;505;332;	28	42,527913,540236,6512,916,8831,638,194641,916693,476310,1171,844,70691,414552,307641,509244,944478,387296,3171,365,289840,14866,5634,009,452636,303181,58123,121	927
chrisnumber8	706	45.1k	218	1	6	2,188;1,439;211;1,285;174;4,150;	48.2k;17.8k;9,657;613;11.7k;793k;	465;474;900;827;1,539;997;	29	71,31721,062406,14742,527913,541236,6512,916,8881,638,194641,919693,479310,1171,844,71491,414552,307641,510244,944478,387296,3171,050,5941,124,7874,041,2731,707,802	844
chrisnumber8	706	45.1k	218	1	15	145;354;683;1,747;1,016;2,472;435;1,551;196;1,687;440;145;354;649;1,183;	13.1k;19.5k;4,270;144k;6,532;79.3k;2,406;89.4k;7,134;2,035;2,233;13.1k;19.5k;48.6k;32.7k;	191;229;435;486;419;296;349;286;429;682;894;191;229;332;264;	28	42,527913,541236,6512,916,8911,638,197641,921693,479310,1171,844,71491,415552,307641,511244,944478,387827,001296,317280,8351,365,29023,1201,050,5951,124,7874,041,2791,707,807	1,128
chrisnumber8	706	45.1k	218	1	10	1,914;1,652;675;730;1,016;83;589;38;354;1,551;	8,338;4,872;22.8k;158;6,532;289k;14.3k;105;19.5k;89.4k;	2,443;358;198;376;419;129;619;109;229;286;	29	21,062406,14742,527913,542236,6512,916,8951,638,200641,921693,481310,1191,844,71691,415552,311256,887641,512244,943478,387827,000296,3171,365,298840,15466,5624,009,478636,308181,58123,1211,050,5961,124,7894,041,283	629
chrisnumber8	706	45.1k	218	1	14	1,815;407;981;302;819;272;2,847;542;1,747;953;1,416;589;1,016;196;	200k;84.1k;1,929;13.8k;7,783;3,560;215k;39.9k;144k;121k;19.4k;14.3k;6,532;7,134;	233;374;236;300;1,859;294;433;233;486;504;743;619;419;429;	28	80,130,65621,062406,14842,527913,544236,6522,916,9021,638,200641,926693,481310,1191,844,71891,415552,312256,886641,513244,945478,387296,317280,8351,365,302840,15966,5624,009,487	569
chrisnumber8	706	45.1k	218	1	9	589;1,551;41;748;1,747;2,472;196;542;1,692;	14.3k;89.4k;1,673;6,994;144k;79.3k;7,134;39.9k;23.3k;	619;286;7,376;377;486;296;429;233;505;	13	21,062406,148189,151282,110331,188,2293,619,4081,963,8879,507,0983,595,6251,963,8891,635,249425,683	723
axelmorin_	897	10.4k	1,631	0	3	377;369;897;	1,757;2,811;10.4k;	1,329;538;1,631;	2	9873,581,502	528
axelmorin_	897	10.4k	1,631	0	2	377;369;	1,757;2,811;	1,329;538;	2	9873,581,502	529
axelmorin_	897	10.4k	1,631	0	2	377;369;	1,757;2,811;	1,329;538;	2	9873,581,503	412
axelmorin_	897	10.4k	1,631	0	4	377;369;285;27;	1,757;2,811;4,732;75;	1,329;538;4,713;106;	2	9873,581,505	585
axelmorin_	897	10.4k	1,631	0	2	377;369;	1,757;2,811;	1,329;538;	2	9873,581,504	785
axelmorin_	897	10.4k	1,631	0	2	377;369;	1,757;2,811;	1,329;538;	2	9873,581,507	571
axelmorin_	897	10.4k	1,631	0	2	377;369;	1,757;2,811;	1,329;538;	2	9873,581,505	459
axelmorin_	897	10.4k	1,631	0	0				0		517
axelmorin_	897	10.4k	1,631	0	0				1	987	424
axelmorin_	897	10.4k	1,631	0	0				1	987	586
axelmorin_	897	10.4k	1,631	0	2	1,172;925;	511k;77.5m;	1,409;137;	1	987	458
axelmorin_	897	10.4k	1,631	0	3	91;897;267;	732;10.4k;104k;	344;1,631;83;	1	987	370
axelmorin_	897	10.4k	1,631	0	0				1	987	583
axelmorin_	897	10.4k	1,631	0	0				1	987	335
axelmorin_	897	10.4k	1,631	0	0				1	987	823
axelmorin_	897	10.4k	1,631	0	1	320;	599;	559;	1	987	252
axelmorin_	897	10.4k	1,631	0	0				1	987	299
axelmorin_	897	10.4k	1,631	0	1	9;	1,399;	169;	1	987	255
axelmorin_	897	10.4k	1,631	0	0				1	987	266
axelmorin_	897	10.4k	1,631	0	3	370;266;263;	620;466;634;	1,176;455;1,022;	1	987	798
axelmorin_	897	10.4k	1,631	0	0				1	987	608
axelmorin_	897	10.4k	1,631	0	11	82;45;139;377;299;201;2;0;0;642;12;	1,370;1,547;568;1,757;429;2,806;489;42;223;657;511;	445;536;1,736;1,329;1,206;1,167;184;0;274;875;634;	1	987	438
axelmorin_	897	10.4k	1,631	0	0				1	987	651
daaaammmml	371	7,059	461	0	8	1,811;121;371;121;132;135;81;251;	5,859;2,844;7,059;2,844;816;935;3,843;2,452;	851;276;461;276;398;177;272;432;	30	3,323,508233,777,72958,919250,100,0371,504,45745,585555,599530,223,50024,099,785827,007715,5646,454,11613,351,690296,8448,782,0398,601,06817,770,20729,339,7596,454,118549,3393,619,4274,009,513182,5494,041,3199,507,125317,83148,9312,932,117863,85673,665	264
daaaammmml	371	7,059	461	0	3	263;816;1,143;	6,633;23.3k;8,693;	583;381;307;	30	3,323,514233,777,95058,919250,100,4761,504,45745,584555,600530,223,91124,099,7893,619,4304,009,524182,5504,041,3249,507,129317,83248,9322,932,127863,85773,665	469
daaaammmml	371	7,059	461	0	2	60;1;	1,140;78;	291;146;	30	3,323,516233,778,16758,919250,100,8031,504,46045,584555,602530,224,14524,099,786827,011715,5666,454,12148,9322,932,131863,85973,665	449
daaaammmml	371	7,059	461	0	0				30	3,323,516233,778,37258,920250,101,1361,504,46245,585555,601530,224,42624,099,784827,011715,5666,454,12113,351,749296,850	369
daaaammmml	371	7,059	461	0	5	122;81;161;162;346;	1,674;3,843;5,298;681;14.6k;	172;272;705;303;496;	30	827,011715,5656,454,12313,351,751296,8508,782,0578,601,10217,770,27129,339,8776,454,126549,3433,619,4444,009,537182,5484,041,3309,507,140317,83348,9322,932,140863,86173,666	587
daaaammmml	371	7,059	461	0	17	128;346;211;74;473;473;211;954;346;75;17;560;211;289;473;186;211;	4,425;14.6k;2,035;13k;3,495;3,495;2,035;11.9k;14.6k;15k;2,006;13.4k;2,035;2,738;3,495;41.5k;2,035;	438;496;285;815;367;367;285;4,643;496;630;353;574;285;310;367;7,434;285;	30	3,323,523827,011715,5686,454,12813,351,779296,8508,782,0648,601,11717,770,30729,339,8986,454,125549,3433,619,4514,009,545182,5494,041,3309,507,147317,83448,932	741
daaaammmml	371	7,059	461	0	2	96;263;	2,244;6,633;	751;583;	30	3,323,531233,779,12558,920250,102,2971,504,46845,584555,605530,225,38824,099,803827,012715,5696,454,13513,351,787296,8528,782,0778,601,13017,770,34929,339,9346,454,137549,3463,619,4654,009,553	312
daaaammmml	371	7,059	461	0	19	105;191;262;73;70;365;516;162;9;80;1,470;265;50;809;350;120;245;59;82;	1,045;6,571;10.9k;4,418;115;5,296;54k;682;137;1,964;570;580;511;3,532;2,617;148;10.2k;99;392;	852;2,340;329;568;250;86;547;303;289;15;560;192;436;334;769;290;516;441;779;	30	3,323,538233,779,42758,920250,102,7341,504,47045,584555,605530,225,75724,099,818827,013715,5706,454,13913,351,803296,8528,782,0858,601,13917,770,38229,339,961	427
daaaammmml	371	7,059	461	0	11	81;191;132;291;371;132;132;371;132;371;371;	3,843;4,211;816;9,564;7,059;816;816;7,059;816;7,059;7,059;	272;390;398;501;461;398;398;461;398;461;461;	30	3,323,540233,779,76858,920250,103,3071,504,46845,584555,606530,226,24924,099,822827,014715,5696,454,14013,351,824296,8528,782,0968,601,15717,770,41529,339,9946,454,144549,3443,619,4794,009,571182,5494,041,3539,507,168317,84048,9342,932,162863,87073,666	561
daaaammmml	371	7,059	461	0	4	346;81;334;816;	14.6k;3,843;29.6k;23.3k;	496;272;236;381;	30	3,323,548233,780,05658,920250,103,8111,504,47045,584555,606530,226,71524,099,827827,01617,770,43629,340,0296,454,136549,3453,619,4844,009,577182,5494,041,3629,507,160317,84248,9382,932,167863,87073,666	375
daaaammmml	371	7,059	461	0	5	816;136;394;816;225;	23.3k;4,029;6,924;23.3k;4,661;	381;324;561;381;467;	30	3,323,552233,780,33558,920250,104,1971,504,46945,584555,607549,3463,619,4924,009,582182,5494,041,3619,507,163317,84248,9402,932,171863,87273,666	627
daaaammmml	371	7,059	461	0	10	346;346;346;191;311;124;816;1,837;283;188;	14.6k;14.6k;14.6k;4,211;1,589;3,510;23.3k;20.5k;2,417;1,130;	496;496;496;390;694;164;381;430;352;840;	30	3,323,553233,780,54858,920250,104,5291,504,46845,585555,606530,227,3264,041,3669,507,155317,84248,9422,932,168863,87273,666	379
daaaammmml	371	7,059	461	0	5	365;216;81;311;371;	5,296;6,439;3,843;2,180;7,059;	86;608;272;329;461;	30	3,323,559233,780,80558,920250,105,0071,504,46945,585555,606530,227,86024,099,857827,017715,5796,454,12313,351,935296,85517,770,54329,340,1266,454,124549,3483,619,5104,009,596182,5494,041,3779,507,156317,84448,9442,932,172863,87973,666	424
daaaammmml	371	7,059	461	1	12	346;371;136;263;191;26;816;109;124;81;97;859;	14.6k;7,059;4,029;6,634;4,211;4,699;23.3k;1,821;475;3,843;482;20.6k;	496;461;324;583;390;567;381;525;332;272;195;447;	30	3,323,568233,781,23858,920250,105,5751,504,468182,5504,041,3809,507,161317,84448,9462,932,174863,88073,666	456
daaaammmml	371	7,059	461	1	4	140;311;371;311;	27.3k;2,180;7,059;2,180;	2;329;461;329;	30	3,323,573233,781,50758,920250,105,9861,504,47145,585555,610530,228,83924,099,879827,018715,5866,454,13513,351,99317,770,61029,340,2116,454,136549,3503,619,5224,009,616182,5504,041,3819,507,168317,84448,9502,932,177863,88073,666	560
daaaammmml	371	7,059	461	0	0				30	3,323,576233,781,78158,920250,106,4801,504,475317,84548,9502,932,181863,88173,666	391
daaaammmml	371	7,059	461	1	5	263;311;81;371;81;	6,634;2,180;3,843;7,059;3,843;	583;329;272;461;272;	30	3,323,578233,781,96958,920250,106,7251,504,47745,585555,611530,229,55724,099,883827,017715,5906,454,14113,352,033296,8568,782,1308,601,245	437
daaaammmml	371	7,059	461	0	1				30	3,323,582233,782,17158,920250,107,0781,504,47845,584555,613530,229,84324,099,886827,018715,5956,454,15313,352,045296,8568,782,1408,601,24917,770,66429,340,3026,454,152	599
daaaammmml	371	7,059	461	0	13	394;149;1,853;371;149;371;1,853;371;2,092;371;816;1,029;1,837;	6,923;928;84.9k;7,059;928;7,059;84.9k;7,059;5,811;7,059;23.3k;6,438;20.5k;	561;261;240;461;261;461;240;461;1,068;461;381;1,351;430;	30	296,8568,782,1428,601,25717,770,67729,340,3166,454,154549,3533,619,5414,009,637182,5574,041,3999,507,186317,84548,9512,932,187863,88773,666	509
daaaammmml	371	7,059	461	0	8	612;132;296;988;276;337;371;988;	20.1k;928;805;6,758;1,375;1,445;7,059;6,758;	566;289;640;365;469;382;461;365;	30	3,323,588233,782,59458,920250,107,8871,504,47845,584555,614530,230,48824,099,889827,020715,5966,454,16013,352,087296,8558,782,1498,601,27717,770,70829,340,3666,454,162549,3543,619,5484,009,634182,557	521
daaaammmml	371	7,059	461	0	2	191;81;	4,211;3,843;	390;272;	30	3,323,588233,782,84058,920250,108,3841,504,48045,584555,615530,230,90124,099,897827,024715,5976,454,16613,352,120296,8578,782,1588,601,29617,770,73629,340,4136,454,167	447
daaaammmml	371	7,059	461	0	5	276;208;1,853;191;344;	1,375;5,251;84.9k;4,211;1,766;	469;423;240;390;475;	30	827,025715,5976,454,17213,352,124296,8598,782,1638,601,30417,770,74429,340,4346,454,173549,3563,619,5584,009,640182,5584,041,4159,507,215317,85048,9542,932,200863,89173,667	403
daaaammmml	371	7,059	461	0	2	208;283;	5,251;2,417;	423;352;	30	715,6016,454,18013,352,139296,8588,782,1768,601,31117,770,77629,340,4596,454,182549,3603,619,5614,009,645182,5594,041,4169,507,228317,85348,9552,932,204863,893	441
daaaammmml	371	7,059	461	0	6	1,790;396;371;1,790;67;208;	2,750;1,125;7,059;2,750;123;5,251;	2,355;368;461;2,355;88;423;	30	317,85548,9552,932,208863,89673,667	479
daaaammmml	371	7,059	461	0	19	124;50;152;20;283;394;191;418;49;337;421;226;816;191;465;265;70;235;371;	475;511;2,814;121;2,417;6,923;6,571;11.7k;250;5,216;1,202;4,662;23.3k;4,211;142;580;1,107;1,568;7,059;	332;436;423;366;352;561;2,340;849;317;393;724;467;381;390;144;192;276;374;462;	30	3,323,604233,783,75458,920250,109,9041,504,49145,584555,614530,232,29424,099,924827,027715,6046,454,19513,352,175296,8598,782,1978,601,3514,009,651182,5594,041,4319,507,248317,85448,9542,932,209863,89873,667	625
daaaammmml	371	7,059	461	0	9	114;2,681;191;81;189;1,811;48;276;371;	5,685;3,544;6,571;3,843;2,467;5,859;1,787;1,375;7,059;	327;607;2,340;272;390;851;467;469;462;	30	3,323,608233,784,08958,920250,110,3811,504,49545,585555,616530,232,76824,099,942827,029715,6066,454,20213,352,197296,8598,782,2118,601,37217,770,86329,340,5426,454,205549,3613,619,5914,009,665182,5594,041,4469,507,265317,85548,9542,932,222863,89973,667	465
daaaammmml	371	7,059	461	0	6	253;371;253;191;81;371;	2,641;7,059;2,641;6,571;3,843;7,059;	550;462;550;2,340;272;462;	30	3,323,603233,784,44758,920250,110,9001,504,49845,584555,616530,233,17724,099,949827,031715,6086,454,21613,352,217296,8598,782,2248,601,39317,770,901	561
archilovers	4,928	967k	2,265	0	4	75;128;4,928;3;	1,002;452;967k;160;	41;373;2,265;22;	9	9,315,50380,132,73710,474,3904,785,460114,29911,949,1262,050,91314,443,915396	2,100
archilovers	4,928	967k	2,265	1	6	4,928;175;212;218;35;174;	967k;78;1,094;534;220;534;	2,265;105;120;529;817;531;	9	9,315,50580,132,76910,474,3974,785,46614,811,276114,29911,949,136507,1672,050,913	4,826
archilovers	4,928	967k	2,265	1	3	3,002;1;166;	638k;547k;1,536;	1,584;0;35;	10	324,478,50788,5139,315,51745,473,464327,7804216,6225,96114,443,9264,963	2,255
archilovers	4,928	967k	2,265	1	5	77;997;169;4,928;378;	13.8k;27.6k;8,378;967k;124;	853;1,709;823;2,265;369;	9	9,315,51780,132,84910,474,4014,785,477114,29911,949,1512,740,4831,292,7512,050,915	2,846
archilovers	4,928	967k	2,265	1	3	106;4,928;4,928;	1,357;967k;967k;	681;2,265;2,265;	14	9,315,52680,132,89310,474,402114,2995,421321,083,22285,920,40814,811,2937,290,377106,421,77811,949,1562,740,4852,050,916	4,799
archilovers	4,928	967k	2,265	1	5	616;4,928;14;249;4,928;	28k;967k;96;392;967k;	1,902;2,265;73;200;2,265;	11	9,315,52480,132,93010,474,4044,785,48027,529,892114,29914,811,3017,290,37711,949,162	2,036
archilovers	4,928	967k	2,265	1	1	4,928;	967k;	2,265;	11	5	2,785
archilovers	4,928	967k	2,265	1	5	4,928;9;60;93;54;	967k;113;62;62;177;	2,265;140;50;389;404;	8	9,315,53080,132,96410,474,4034,785,480114,2995,421321,083,54585,920,493	5,581
archilovers	4,928	967k	2,265	1	8	93;4,928;4,928;61;4,928;42;440;812;	2,783;967k;967k;598;967k;132;45.1k;698;	20;2,265;2,265;751;2,265;115;566;649;	13	9,315,53280,133,00510,474,4044,785,480114,2995,421321,083,66785,920,51914,811,3107,290,38611,949,1812,740,490	3,872
archilovers	4,928	967k	2,265	1	11	4,928;217;183;413;805;4,928;421;172;201;172;78;	967k;653;188;2,408;226;967k;143;143;140;143;2,258;	2,265;616;335;708;262;2,265;168;251;289;251;941;	11	9,315,54180,133,04410,474,4114,785,482114,29911,949,1872,050,92014,811,31875,971,844507,1694,193,080	5,083
archilovers	4,928	967k	2,265	1	11	4,928;69;6;50;15;61;519;16;75;93;35;	967k;166;230;199;744;598;620;150;630;192;251;	2,265;160;416;208;1,169;751;622;242;608;313;248;	12	21,533,6249,315,54980,133,09745,473,65710,474,418114,29918,0561,808,53713,214,003191,7631,200,542	11,373
archilovers	4,928	967k	2,265	1	3	864;4,928;43;	54.9k;967k;185;	1,148;2,265;353;	11	9,315,55880,133,14510,474,4214,785,490114,29915,602,76111,550513,0602,959,77851,537,7513,478	7,056
archilovers	4,928	967k	2,265	1	16	54;4,928;51;23;28;248;61;1,030;9;40;40;104;75;178;418;75;	3,683;967k;122;249;313;370;598;432;182;304;338;298;828;991;852;164;	47;2,265;314;211;347;572;751;945;432;679;171;570;656;1,112;705;374;	14	9,315,56680,133,18410,474,4214,785,492114,29911,949,2012,181,38780,133,19513,914,447289513,0603,249,74426,07115,539	7,553
archilovers	4,928	967k	2,265	1	4	156;4,928;8;477;	5,487;967k;89;201;	704;2,265;252;398;	25	9,315,57580,133,24810,474,4274,785,49546,490,806114,29911,949,2067,656365,779,309704,16616,2562,181,388369,205255,657796,04210,129321,2271,978,71287,9142,258,739108,147,64813,3644,817,858117,0881,258	2,749
archilovers	4,928	967k	2,265	1	10	4,928;385;0;868;106;1,416;106;1,416;285;15;	967k;502;130;614;222;722;222;722;409;343;	2,265;633;42;366;308;647;308;647;333;604;	13	9,315,58280,133,32910,474,4314,785,502442,0084,193,088114,2994,785,50211,949,2142,050,92346,490,850251,233	7,287
archilovers	4,928	967k	2,265	1	2	761;4,928;	115k;967k;	1;2,265;	11	9,315,58480,133,36010,474,4414,785,50212,529,014442,008114,2994,785,50411,949,224	3,140
archilovers	4,928	967k	2,265	0	8	134;346;194;4,928;429;168;275;44;	11.8k;7,738;3,946;967k;665;1,226;541;574;	2;2,304;319;2,265;497;621;914;1,415;	14	11,949,2342,740,5042,050,923366	12,250
archilovers	4,928	967k	2,265	1	4	331;1,451;4,928;202;	16.8k;20.4k;967k;227;	2,655;1,042;2,265;397;	13	9,315,59780,133,44010,474,4554,785,51051,537,858114,2994,785,51114,811,3687,290,41575,972,04211,949,2392,740,5072,050,926	4,451
archilovers	4,928	967k	2,265	0	9	4,928;281;570;294;67;243;445;16;164;	967k;15.1k;22.8k;1,662;403;223;389;449;490;	2,265;346;472;596;393;283;373;272;928;	10	1,2189,315,59880,133,47310,474,4584,785,51146,490,915114,29911,949,24330,931,76251,388,944	2,370
archilovers	4,928	967k	2,265	1	7	4,928;434;405;405;293;405;126;	967k;432;796;796;696;796;172;	2,265;408;1,217;1,217;299;1,217;234;	9	9,315,60280,133,51210,474,4674,785,51046,490,9411,292,759114,29911,949,2523	4,288
archilovers	4,928	967k	2,265	1	4	4,928;757;150;13;	967k;598;858;416;	2,265;475;591;476;	14	9,315,60580,133,53710,474,46951,537,92095,978,0929105,628,425114,2994,785,50814,811,3837,290,42575,972,1332,740,5081,935	5,935
archilovers	4,928	967k	2,265	1	5	2,495;4,928;176;4,928;570;	3,079;967k;320;967k;15.4k;	491;2,265;570;2,265;1,062;	10	9,315,61780,133,57310,474,4734,785,51251,537,953114,29911,949,2562,740,5081,926,5269,765,772	4,212
archilovers	4,928	967k	2,265	1	6	937;4,928;4,928;295;62;304;	11.7k;967k;967k;652;500;700;	587;2,265;2,265;742;665;730;	11	9,315,62280,133,61410,474,4774,785,51584,809,20246,491,006114,2994,785,51611,949,2651,926,528	2,883
archilovers	4,928	967k	2,265	1	11	937;4,928;57;467;287;263;54;25;87;0;76;	11.7k;967k;125;194;747;728;283;444;160;7;707;	587;2,265;62;394;730;1,102;706;233;138;42;618;	9	229,315,63180,133,64410,474,486114,2994,785,517	8,663
archilovers	4,928	967k	2,265	1	7	4,928;509;3;0;123;121;169;	967k;1,179;147;30;151;72;349;	2,265;518;169;39;736;330;674;	15	9,315,63880,133,68210,474,4934,785,51951,538,000114,2994,785,51914,811,4167,290,44075,972,21711,949,2702,740,51118,845,4612,923,4152,050,934	8,186
archilovers	4,928	967k	2,265	1	13	937;4,928;42;2,023;864;1,031;1,446;654;360;263;5;146;309;	11.7k;967k;491;503;697;408;351;736;1,347;728;214;317;109;	587;2,265;794;288;570;765;328;805;1,720;1,102;376;537;124;	9	9,315,64380,133,7198,889,7305,423301,300321,086,86439,410,170	11,576
archilovers	4,928	967k	2,265	1	3	704;4,928;7;	1,518;967k;42;	369;2,265;169;	15	9,315,65180,133,75710,474,4984,785,52451,538,046114,2994,785,52514,811,4307,290,44975,972,26711,949,2732,740,5162,959,7892,923,424408	3,872
mariamoldes	335	11.7k	997	0	6	515;570;515;570;267;114;	7,627;20.7k;7,627;20.7k;104k;18.4k;	340;664;340;664;83;40;	2	242,976242,976	550
mariamoldes	335	11.7k	997	0	3	376;15;153;	2,317;97;102;	999;304;544;	0		621
mariamoldes	335	11.7k	997	0	0				1	1,566,360	381
mariamoldes	335	11.7k	997	0	0				0		357
mariamoldes	335	11.7k	997	0	1				0		495
mariamoldes	335	11.7k	997	0	0				0		506
mariamoldes	335	11.7k	997	0	3	875;101;4;	1,295;714;98;	683;795;485;	0		525
mariamoldes	335	11.7k	997	0	1	117;	148;	514;	0		578
mariamoldes	335	11.7k	997	0	2	3,013;209;	28.2k;97;	723;65;	0		455
mariamoldes	335	11.7k	997	0	0				2	3,082,459	577
mariamoldes	335	11.7k	997	0	1	856;	918;	1,347;	0		660
mariamoldes	335	11.7k	997	0	1	4;	98;	485;	0		620
mariamoldes	335	11.7k	997	0	0				0		324
mariamoldes	335	11.7k	997	0	0				0		367
mariamoldes	335	11.7k	997	0	0				0		518
mariamoldes	335	11.7k	997	0	7	493;2,460;3,404;507;3,484;47;1,521;	1,648;48k;151k;546;41k;47.9k;709;	447;310;818;276;481;681;460;	2	1,075,43883,908,553	204
mariamoldes	335	11.7k	997	0	0				2	81,197,807	361
mariamoldes	335	11.7k	997	0	2	1,041;153;	3,428;94;	569;854;	0		462
mariamoldes	335	11.7k	997	0	3	277;2,661;1,127;	378;1,980;612;	930;1,959;777;	0		1,546
mariamoldes	335	11.7k	997	0	0				0		463
mariamoldes	335	11.7k	997	0	0				0		238
mariamoldes	335	11.7k	997	0	1	86;	709;	601;	0		646
mariamoldes	335	11.7k	997	0	1	1,648;	575;	428;	0		456
mariamoldes	335	11.7k	997	0	0				0		394
mariamoldes	335	11.7k	997	0	0				0		374
mariamoldes	335	11.7k	997	0	0				0		607
sharifaee	898	24.8k	315	0	0				1	3,345,789	201
sharifaee	898	24.8k	315	0	0				1	3,345,789	234
sharifaee	898	24.8k	315	0	0				1	3,345,789	273
sharifaee	898	24.8k	315	0	0				1	3,345,789	226
sharifaee	898	24.8k	315	0	1	63;	1,272;	1,038;	1	3,345,791	425
sharifaee	898	24.8k	315	0	1	90;	16.1k;	4,207;	1	3,345,792	480
sharifaee	898	24.8k	315	0	0				1	3,345,793	223
sharifaee	898	24.8k	315	0	1	174;	544;	983;	1	3,345,793	201
sharifaee	898	24.8k	315	0	0				1	3,345,793	315
sharifaee	898	24.8k	315	0	0				1	3,345,793	490
sharifaee	898	24.8k	315	0	0				1	3,345,794	353
sharifaee	898	24.8k	315	0	2	341;110;	659;71;	880;256;	1	3,345,794	319
sharifaee	898	24.8k	315	0	0				1	3,345,794	286
sharifaee	898	24.8k	315	0	0				1	3,345,796	388
sharifaee	898	24.8k	315	0	0				1	3,345,796	326
sharifaee	898	24.8k	315	0	0				1	3,345,796	260
sharifaee	898	24.8k	315	0	3	174;332;341;	544;64;659;	983;63;880;	2	171,186	258
sharifaee	898	24.8k	315	0	0				1	63,729,064	296
sharifaee	898	24.8k	315	0	0				1	3,345,797	481
sharifaee	898	24.8k	315	0	0				1	3,345,797	559
sharifaee	898	24.8k	315	0	0				1	3,345,796	311
sharifaee	898	24.8k	315	0	0				1	3,345,798	222
sharifaee	898	24.8k	315	0	0				1	3,345,798	202
sharifaee	898	24.8k	315	0	0				1	3,345,797	161
sharifaee	898	24.8k	315	0	0				1	3,345,797	181
sharifaee	898	24.8k	315	0	0				1	3,345,797	297
sharifaee	898	24.8k	315	0	1	277;	1,947;	891;	1	3,345,797	213
paulcolangelo	128	3,819	599	0	2	1,614;772;	107k;134k;	720;22;	0		2,127
paulcolangelo	128	3,819	599	0	2	374;128;	100k;3,819;	37;599;	5	59,13457,53610,383,05995,16336,219,484	154
paulcolangelo	128	3,819	599	1	0				1	127	120
paulcolangelo	128	3,819	599	0	9	772;1,969;392;1,331;465;702;3,639;987;1,827;	134k;43.5k;129k;930k;19.2k;21.3k;5,570;714k;115k;	22;374;162;288;127;112;48;448;436;	0		268
paulcolangelo	128	3,819	599	0	2	772;245;	134k;4,047;	22;500;	0		171
paulcolangelo	128	3,819	599	0	0				0		110
paulcolangelo	128	3,819	599	0	2	318;318;	82;82;	152;152;	1	84,543	103
paulcolangelo	128	3,819	599	0	0				1	262,656	75
paulcolangelo	128	3,819	599	0	5	128;1,433;128;754;1,433;	3,819;787;3,819;83;787;	599;1,961;599;116;1,961;	2	67084,543	116
paulcolangelo	128	3,819	599	0	0				3	84,543360,820176	71
paulcolangelo	128	3,819	599	0	0				2	84,543118,367	147
paulcolangelo	128	3,819	599	0	1	106;	297;	508;	2	423,733,699	90
paulcolangelo	128	3,819	599	0	1	491;	8,277;	62;	1	84,542	74
paulcolangelo	128	3,819	599	0	1	1,384;	37.4k;	2,208;	3	38,152127,21484,543	65
paulcolangelo	128	3,819	599	0	0				0		58
paulcolangelo	128	3,819	599	0	0				2	127,21484,543	74
paulcolangelo	128	3,819	599	0	0				2	127,21484,543	45
paulcolangelo	128	3,819	599	0	3	2,056;128;	9m;3,819;	289;599;	6	100,033,9622,947,1117,24757,66816,9001,925	122
paulcolangelo	128	3,819	599	0	1	1,392;	28.8k;	756;	0		153
paulcolangelo	128	3,819	599	0	0				0		62
paulcolangelo	128	3,819	599	0	0				0		60
paulcolangelo	128	3,819	599	0	1	6;	73;	29;	2	14,7379,767,402	77
paulcolangelo	128	3,819	599	0	2	334;1,523;	1,491;1m;	175;133;	0		47
paulcolangelo	128	3,819	599	0	1	1,523;	1m;	133;	0		76
paulcolangelo	128	3,819	599	0	2	1,523;971;	1m;28k;	133;696;	0		120
metal_firecracker	1,276	59k	374	1	1	408;	2,000;	1,422;	0		5,106
metal_firecracker	1,276	59k	374	1	2	1,276;1,276;	59k;59k;	374;374;	0		1,282
metal_firecracker	1,276	59k	374	1	1	1,276;	59k;	374;	0		1,854
metal_firecracker	1,276	59k	374	1	0				0		1,309
metal_firecracker	1,276	59k	374	1	8	448;80;1,962;2,064;430;458;1,137;629;	111k;5,315;1,046;1,857;8,845;11.1k;4,616;80.4k;	422;5,422;974;1,449;732;892;374;690;	0		1,052
metal_firecracker	1,276	59k	374	1	13	175;2,815;0;908;212;460;1,109;335;349;1,268;343;1,466;	5,495;443k;17;69.9k;57k;6,589;63.3k;69.1k;96.1k;32.5k;787;86.8k;	140;360;0;898;256;816;933;673;290;907;669;462;	0		1,127
metal_firecracker	1,276	59k	374	1	3	472;127;1,276;	975;918;59k;	445;946;374;	0		1,259
metal_firecracker	1,276	59k	374	1	0				0		1,221
metal_firecracker	1,276	59k	374	1	0				0		1,322
metal_firecracker	1,276	59k	374	1	1	175;	5,495;	140;	0		1,158
metal_firecracker	1,276	59k	374	1	0				0		1,080
metal_firecracker	1,276	59k	374	1	0				0		1,397
metal_firecracker	1,276	59k	374	1	6	175;740;45;842;212;343;	5,495;6,600;194;2,354;57k;787;	140;312;251;231;256;669;	0		1,071
metal_firecracker	1,276	59k	374	1	0				0		1,326
metal_firecracker	1,276	59k	374	1	0				0		1,000
metal_firecracker	1,276	59k	374	1	0				0		1,333
metal_firecracker	1,276	59k	374	1	8	419;2,183;175;478;740;323;4,061;	57.3k;64.3k;5,495;15.9k;6,600;13.4k;44.9k;	320;385;140;627;312;178;396;	21	6,575,9947,066,74119,882,8745,953,8486,454,38822,507,9396,211,68615,309,6034,746,9174,804,4922,828,1781,337,9576,100,2656,750,8193,235,9873,742,7533,019,8502,643,9223,200,2744,502,8008,422,483	1,186
metal_firecracker	1,276	59k	374	1	0				0		1,190
metal_firecracker	1,276	59k	374	1	2	847;908;	19.9k;69.9k;	309;898;	0		1,125
metal_firecracker	1,276	59k	374	1	1	1,276;	59k;	374;	0		1,475
metal_firecracker	1,276	59k	374	1	15	4,347;629;1,416;1,107;323;1,080;137;388;430;876;339;361;4,347;1,276;	244;80.4k;41.7k;241k;13.4k;45.7k;409;27k;8,845;842;711;29.1k;244;59k;	502;690;288;396;178;313;368;288;732;716;675;383;502;374;	0		1,245
metal_firecracker	1,276	59k	374	1	8	94;586;208;319;838;478;0;339;	39;470;52;603;573;15.9k;0;711;	24;417;251;970;156;627;0;675;	0		1,162
metal_firecracker	1,276	59k	374	1	6	740;15;175;	6,600;60;5,495;	312;142;140;	0		1,375
metal_firecracker	1,276	59k	374	1	2	129;631;	8,727;3,080;	1,852;234;	0		1,110
metal_firecracker	1,276	59k	374	1	9	832;395;675;1,021;406;572;1,191;1,962;11;	8,569;14k;312;1,924;44.4k;90.6k;49.3k;1,046;1,554;	213;1,951;304;1,305;309;317;248;974;152;	0		1,381
metal_firecracker	1,276	59k	374	1	2	847;1,276;	19.9k;59k;	309;374;	0		1,221
metal_firecracker	1,276	59k	374	1	14	971;343;175;1,191;388;842;3,376;1,107;572;1,411;419;603;478;	50.6k;787;5,495;49.3k;27k;2,354;14.4k;241k;90.6k;175;57.3k;38.8k;15.9k;	389;669;140;248;288;231;1,320;396;317;280;320;424;627;	0		963
jonathantaggart	1,578	1,287	657	0	0				0		75
jonathantaggart	1,578	1,287	657	0	3	714;40;267;	75;16.8k;104k;	64;102;83;	1	203	236
jonathantaggart	1,578	1,287	657	0	2	839;508;	143;84;	208;321;	3	122523,550	251
jonathantaggart	1,578	1,287	657	0	1	7;	10.4k;	1,565;	2	142,5777,243	525
jonathantaggart	1,578	1,287	657	0	0				0		675
jonathantaggart	1,578	1,287	657	0	1	54;	1,501;	551;	1	21,773	221
jonathantaggart	1,578	1,287	657	0	2	253;1,578;	284;1,287;	516;657;	1		91
jonathantaggart	1,578	1,287	657	0	1	0;	164;	236;	1	52	170
jonathantaggart	1,578	1,287	657	0	0				1	33,868	384
jonathantaggart	1,578	1,287	657	0	1	350;	22.6k;	162;	0		112
jonathantaggart	1,578	1,287	657	0	2	344;1,578;	798;1,287;	1,259;657;	0		54
jonathantaggart	1,578	1,287	657	0	0				0		66
jonathantaggart	1,578	1,287	657	1	0				0		119
jonathantaggart	1,578	1,287	657	0	0				0		110
jonathantaggart	1,578	1,287	657	1	0				0		50
jonathantaggart	1,578	1,287	657	0	0				0		80
jonathantaggart	1,578	1,287	657	0	0				0		71
jonathantaggart	1,578	1,287	657	0	0				0		47
jonathantaggart	1,578	1,287	657	0	1	1,101;	1,283;	284;	0		83
jonathantaggart	1,578	1,287	657	0	0				0		51
jonathantaggart	1,578	1,287	657	0	2	1,354;718;	208;241;	396;105;	0		84
jonathantaggart	1,578	1,287	657	0	2	337;917;	3,212;299;	685;322;	0		101
jonathantaggart	1,578	1,287	657	0	0				2	5236,048	51
jonathantaggart	1,578	1,287	657	0	1	184;	224;	267;	0		35
jonathantaggart	1,578	1,287	657	0	0				0		135
eds1ngleton	681	4,063	1,321	1	0				0		117
eds1ngleton	681	4,063	1,321	1	1	1,413;	4,132;	854;	2	7,561,17416,655,032	135
eds1ngleton	681	4,063	1,321	1	0				1	2,803,788	79
eds1ngleton	681	4,063	1,321	1	0				1	3,988,503	108
eds1ngleton	681	4,063	1,321	1	2	267;406;	104k;3,675;	83;1,440;	1	3,988,505	454
eds1ngleton	681	4,063	1,321	0	9	1,324;710;585;1,103;916;93;591;3,230;4,535;	18.3k;15.3k;998;9,013;1,317;497;1,094;1,026;24.2m;	921;902;924;859;2,948;563;541;1,397;150;	2	46,775,18853,306	215
eds1ngleton	681	4,063	1,321	0	11	1,324;710;585;1,103;916;93;591;3,230;4,475;681;512;	18.3k;15.3k;998;9,013;1,317;497;1,094;1,026;7.2m;4,063;1,306;	921;902;924;860;2,948;563;541;1,397;563;1,321;2,253;	2	6,509,64653,307	175
eds1ngleton	681	4,063	1,321	0	12	1,324;710;585;1,103;916;93;591;4,796;4,475;388;3,230;1,202;	18.3k;15.3k;998;9,012;1,317;497;1,094;8.1m;7.2m;375;1,026;5,170;	921;902;924;860;2,948;563;541;2,545;563;441;1,397;1,884;	4	6,527,0696,509,64721,110,7075,689,011	165
eds1ngleton	681	4,063	1,321	1	3	37;7;167;	263;428;410;	199;319;378;	1	206,310	633
eds1ngleton	681	4,063	1,321	1	4	1,116;189;10,999;3,708;	158k;10.5k;1.2m;125k;	832;660;1,199;900;	2	1,215,796186,610	168
eds1ngleton	681	4,063	1,321	0	5	1,680;298;61;3;	512k;2,156;2,297;147;	446;819;967;99;	2	237,386,780595,837	964
eds1ngleton	681	4,063	1,321	1	0				0		158
eds1ngleton	681	4,063	1,321	1	2	3,537;1,285;	15.4m;2.9m;	7;4,875;	5	37,561,8444,255,67611,520,693365,786,014	198
eds1ngleton	681	4,063	1,321	1	1	373;	26.9k;	81;	2	14,3457,915	112
eds1ngleton	681	4,063	1,321	1	0				3	37,561,845182,80038,617	180
eds1ngleton	681	4,063	1,321	1	0				2	182,800267,351	96
eds1ngleton	681	4,063	1,321	1	0				0		161
eds1ngleton	681	4,063	1,321	1	2	479;681;	583;4,063;	998;1,321;	1	10,640,242	187
eds1ngleton	681	4,063	1,321	1	12	380;1,009;4,891;710;436;1,103;36;120;2,901;436;710;4,891;	19.4k;10.9k;811k;15.3k;2,041;9,012;2,880;592;2,719;2,041;15.3k;811k;	416;254;989;902;1,228;860;596;318;253;1,228;902;989;	5	727,293,1921,049,23731,08644,113	174
eds1ngleton	681	4,063	1,321	1	15	380;1,287;179;443;216;4,891;710;436;1,103;36;120;2,901;2,488;294;1,121;	19.4k;466k;1,998;2,587;1,297;811k;15.3k;2,041;9,012;2,880;592;2,719;3,665;978;1,250;	416;587;1,496;1,443;574;989;902;1,228;860;596;318;253;461;621;798;	6	3117,293,1941,049,23731,086863,36712	162
eds1ngleton	681	4,063	1,321	1	11	380;2,988;51;216;4,891;710;436;1,103;36;120;2,901;	19.4k;3,260;2,170;1,297;811k;15.3k;2,041;9,012;2,880;592;2,719;	416;3,466;932;574;989;902;1,228;860;596;318;253;	6	1,004,0733117,293,1961,049,23831,0861,893	248
eds1ngleton	681	4,063	1,321	0	0				1		336
eds1ngleton	681	4,063	1,321	1	15	2;1,395;4,748;710;662;1,202;385;591;399;4,819;2,445;891;213;540;	1;44.9k;18.4m;15.3k;8,261;5,170;2,091;1,094;1,104;71.9k;19.8k;19.8k;623;22k;	2;294;431;902;810;1,884;898;541;2,472;599;582;1,082;699;1,226;	7	423,734,34320,58313,824,3424714108,7019,795,384	471
eds1ngleton	681	4,063	1,321	0	12	549;1,395;88;710;662;634;1,202;385;399;591;88;549;	1,535;44.9k;35.5k;15.3k;8,261;8,320;5,170;2,091;1,104;1,094;35.5k;1,535;	700;294;732;902;810;1,504;1,884;898;2,472;541;732;700;	0		233
eds1ngleton	681	4,063	1,321	1	5	3,033;96;1,105;385;591;	69.7k;1,580;31.2k;2,091;1,094;	3,154;443;1,221;898;541;	1	6,625	144
eds1ngleton	681	4,063	1,321	1	3	3,033;1,165;1,105;	69.7k;68.6k;31.2k;	3,154;1,365;1,221;	1	6,625	127
holly_flax	1,022	3,429	454	1	4	351;43;1,022;351;	85;1,066;3,429;85;	166;308;454;166;	0		43
holly_flax	1,022	3,429	454	1	0				30	25,335,84715,425,79315,309,72410,505,87817,134,75813,091,06715,083,34322,508,254133,28120,840,2297,394,881167,898,5806,928,8827,624,61510,383,281205,21422,545,4496,048,52170,678,7129,311,38562,245,36234,961,8317,064,6877,394,88785,922,8164,848,8937,138,7683,587,8384,676,516673,957	182
holly_flax	1,022	3,429	454	1	3	391;1,342;391;	967;5,015;967;	415;377;415;	30	1,325,422205,2163,915,08511,692,3777,352,9876,984,9412,208,386472,524540,9634,386,5426,681,7411,913,3023,870,7341,579,23019,883,17615,309,747	174
holly_flax	1,022	3,429	454	1	3	536;997;238;	4,737;296;1,154;	288;295;896;	29	670,499476,726434,367395,124628,008440,815539,411314,367530,236	214
holly_flax	1,022	3,429	454	1	1	1,419;	1,762;	151;	30	15,425,81415,309,75813,091,09415,083,39222,508,3485,104,6307,394,892167,898,7486,928,9047,624,635205,2166,048,5367,394,8927,138,7803,587,8404,676,522673,9563,326,197230,701693,752349,6762,453,9432,148,0581,694,5776,984,9742,208,405406,048161,6831,297,5921,325,424	124
holly_flax	1,022	3,429	454	1	3	171;112;54;	558;7,568;927;	555;2,575;529;	30	25,335,908	165
holly_flax	1,022	3,429	454	1	11	1,532;1,022;1,532;1,532;59;1,532;59;171;59;253;59;	11.6k;3,428;11.6k;11.6k;801;11.6k;800;558;800;930;800;	511;454;511;511;414;511;414;555;414;828;414;	30	15,425,83215,309,79513,091,11915,083,42122,508,4065,104,6377,394,891167,898,8566,928,9197,624,656205,2166,048,5577,394,8947,138,7853,587,8414,676,523673,9583,326,207230,704693,753349,6762,453,9472,148,0651,694,5826,984,995	170
holly_flax	1,022	3,429	454	1	0				30	1,340,277839,095438,76412,919,59422,508,445577,9781,375,3476,278,7515,218,5252,569,094977,29925,335,9499,311,4504,229,2926,928,925	204
holly_flax	1,022	3,429	454	1	4	1,022;52;1,333;23;	3,428;2,722;16.6k;343;	454;396;4,051;15;	30	15,425,86415,309,80913,091,14815,083,47322,508,4695,104,6387,394,907167,898,9866,928,9267,624,671205,2166,048,5767,394,9077,138,7923,587,8454,676,529673,9583,326,227230,708693,754349,6812,453,9492,148,0741,694,5836,985,033	185
holly_flax	1,022	3,429	454	1	1	94;	16.7k;	1,932;	30	25,335,97615,425,87715,309,82710,505,95717,134,91213,091,18115,083,50122,508,5045,104,64720,840,3567,394,910167,899,0636,928,9407,624,68810,383,378	201
holly_flax	1,022	3,429	454	1	7	4,579;4,579;417;417;196;403;1,022;	2,607;2,607;1,592;1,592;2,603;5,859;3,428;	664;664;515;515;510;860;454;	30	205,22422,545,7176,048,60670,679,3409,311,48262,245,81534,962,0847,064,7687,394,91085,923,4024,848,9417,138,8013,587,8524,676,540673,958	153
holly_flax	1,022	3,429	454	1	3	418;104;80;	7,945;863;273;	1,741;768;639;	0		146
holly_flax	1,022	3,429	454	1	0				0		114
holly_flax	1,022	3,429	454	1	7	418;2,133;536;121;11;1,022;196;	7,945;6,410;4,739;1,746;17;3,428;2,603;	1,741;1,000;288;434;54;454;510;	0		190
holly_flax	1,022	3,429	454	1	1	391;	967;	415;	0		409
holly_flax	1,022	3,429	454	1	0				0		115
holly_flax	1,022	3,429	454	1	5	2,133;391;104;449;117;	6,410;966;863;6,675;484;	1,000;415;768;604;810;	0		180
holly_flax	1,022	3,429	454	1	1	78;	564;	718;	0		224
holly_flax	1,022	3,429	454	1	1	67;	14.6k;	679;	0		191
holly_flax	1,022	3,429	454	1	7	391;4,579;171;1,022;171;1,022;171;	966;2,607;558;3,428;558;3,428;558;	415;664;555;454;555;454;555;	1	2,799	268
holly_flax	1,022	3,429	454	1	3	196;52;174;	2,603;2,722;4,139;	510;396;311;	30	15,425,89915,309,88313,091,21015,083,54122,508,5835,104,6667,394,917167,899,1786,928,9487,624,698205,2246,048,6357,394,9187,138,8093,587,8544,676,549673,9593,326,251230,712693,755349,6842,453,9562,148,0781,694,5966,985,0732,208,441406,053161,6831,297,6031,325,442	297
holly_flax	1,022	3,429	454	1	4	597;418;48;206;	16.6k;7,945;3,006;199;	607;1,741;587;198;	0		233
holly_flax	1,022	3,429	454	1	3	121;536;536;	1,746;4,739;4,739;	434;288;288;	0		200
holly_flax	1,022	3,429	454	1	2	360;70;	1,294;1,432;	468;194;	30	1,340,290839,103438,77112,919,63722,508,630577,9861,375,3626,278,8205,218,5512,569,117977,30425,336,0379,311,5084,229,3536,928,957242,12510,505,999219,1324,045,2801,337,98815,425,9168,362,76213,091,2322,446,0583,533,544	196
holly_flax	1,022	3,429	454	1	5	121;1,022;52;1,983;116;	1,746;3,429;2,722;13.2k;21.2k;	434;454;396;873;687;	30	22,508,6705,104,6927,394,930167,899,3426,928,9647,624,721205,2266,048,6707,394,9347,138,8163,587,8604,676,569673,9603,326,268230,712693,759349,6892,453,9642,148,089	175
holly_flax	1,022	3,429	454	1	12	267;769;196;121;84;1,022;109;1,022;390;167;389;1,022;	2,472;2,414;2,603;1,746;1,811;3,429;156;3,429;8,905;2,029;7,110;3,429;	664;551;510;434;413;454;200;454;1,508;3,122;191;454;	30	167,899,4596,928,9707,624,72710,383,445205,22722,545,9586,048,68670,679,7599,311,53262,246,15834,962,2587,064,8287,394,94085,923,8934,848,9657,138,8203,587,8634,676,582673,960	263
holly_flax	1,022	3,429	454	1	3	417;252;52;	1,592;381;2,722;	515;261;396;	30	15,425,94315,309,96913,091,29115,083,63822,508,7815,104,7137,394,949167,899,5446,928,9827,624,753205,2296,048,7147,394,9497,138,8293,587,8634,676,588673,9613,326,280230,714693,760349,692	278
borvta	409	10.5k	782	1	2	512;365;	18.2k;6,165;	673;203;	0		848
borvta	409	10.5k	782	1	0				0		541
borvta	409	10.5k	782	1	3	33;40;1,372;	1,006;1,504;2,500;	978;1,519;608;	0		677
borvta	409	10.5k	782	1	11	246;191;679;22;151;145;409;26;813;409;409;	523;4,139;1m;114;1,489;2,046;10.5k;422;4,263;10.5k;10.5k;	652;6,549;228;29;1,113;917;782;99;1,437;782;782;	0		880
borvta	409	10.5k	782	1	0				0		714
borvta	409	10.5k	782	1	3	409;617;7;	10.5k;3,569;587;	782;1,979;580;	1	1,644	843
borvta	409	10.5k	782	1	1	679;	1m;	228;	0		861
borvta	409	10.5k	782	1	1	846;	65k;	520;	0		448
borvta	409	10.5k	782	1	0				0		425
borvta	409	10.5k	782	1	0				0		435
borvta	409	10.5k	782	1	0				0		494
borvta	409	10.5k	782	1	0				0		313
borvta	409	10.5k	782	1	0				0		428
borvta	409	10.5k	782	1	2	206;52;	230;261;	169;410;	0		614
borvta	409	10.5k	782	1	0				0		537
borvta	409	10.5k	782	1	1	409;	10.5k;	782;	0		637
borvta	409	10.5k	782	1	0				0		318
borvta	409	10.5k	782	1	0				0		472
borvta	409	10.5k	782	1	0				1	34,682	307
borvta	409	10.5k	782	1	5	63;54;533;63;63;	850;1,447;1,235;850;850;	768;1,054;1,026;768;768;	0		382
borvta	409	10.5k	782	1	1	103;	1,139;	849;	0		561
borvta	409	10.5k	782	1	0				0		275
borvta	409	10.5k	782	1	0				0		364
borvta	409	10.5k	782	1	0				0		464
galangtriansyah	175	1,270	853	1	1	3,716;	857k;	4,100;	0		230
galangtriansyah	175	1,270	853	1	4	3,716;0;0;281;	857k;528;12;12.5k;	4,100;527;27;443;	0		685
galangtriansyah	175	1,270	853	1	1	3,716;	857k;	4,100;	0		249
galangtriansyah	175	1,270	853	1	9	3,716;860;11;184;1,641;44;281;727;3;	857k;5,182;545;1,411;14.3k;5,043;12.5k;19.1k;945;	4,100;1,595;136;719;2,111;483;443;1,392;778;	0		209
galangtriansyah	175	1,270	853	1	15	27;171;313;782;19;285;89;26;175;0;0;175;13;175;	754;841;5,017;719;643;921;1,109;486;1,270;528;528;1,270;754;1,270;	319;10;1,614;778;612;1,514;706;333;853;527;527;853;362;853;	0		238
galangtriansyah	175	1,270	853	1	2	3,716;281;	857k;12.5k;	4,100;443;	0		216
galangtriansyah	175	1,270	853	1	1	3,716;	857k;	4,100;	0		222
galangtriansyah	175	1,270	853	1	3	6;3,716;6;	804;857k;804;	631;4,100;631;	0		231
galangtriansyah	175	1,270	853	0	2	3,716;285;	857k;921;	4,100;1,514;	0		206
galangtriansyah	175	1,270	853	1	6	99;3,716;99;285;175;285;	1,234;857k;1,234;921;1,270;921;	939;4,100;939;1,514;853;1,514;	0		228
galangtriansyah	175	1,270	853	1	5	3,716;99;106;16;92;	857k;1,234;885;665;1,049;	4,100;939;870;449;413;	0		229
galangtriansyah	175	1,270	853	1	8	3,716;81;212;46;333;19;325;367;	857k;1,261;1,371;550;1,310;643;13.2k;6,140;	4,100;16;609;526;514;612;4,562;694;	0		244
galangtriansyah	175	1,270	853	1	5	3,716;175;0;92;79;	857k;1,270;528;972;1,116;	4,100;853;527;243;409;	0		226
galangtriansyah	175	1,270	853	1	7	3,716;117;79;46;0;175;	857k;1,669;1,117;550;528;1,270;	4,100;832;409;526;527;853;	0		239
galangtriansyah	175	1,270	853	1	11	494;335;135;1,006;175;106;281;397;0;27;4;	2,018;1,116;1,015;31.9k;1,270;885;12.5k;1,051;528;754;617;	536;858;799;1,102;853;870;443;679;527;319;532;	3	714106,50026,741	256
galangtriansyah	175	1,270	853	1	3	5,241;2,378;	235m;36.4k;	186;919;	4	714106,5002,786,599	204
galangtriansyah	175	1,270	853	1	13	175;19;64;81;788;44;64;17;0;92;863;16;243;	1,270;643;550;726;141k;1,580;550;629;528;1,049;8,577;665;6,485;	853;612;385;805;2,012;935;385;271;527;413;4,301;449;1,088;	4	714106,5002,786,600	264
galangtriansyah	175	1,270	853	1	4	3,716;0;175;3;	857k;528;1,270;945;	4,100;527;853;778;	0		225
galangtriansyah	175	1,270	853	1	2	3,716;48;	857k;666;	4,100;493;	0		225
galangtriansyah	175	1,270	853	1	10	3,716;1,161;25;45;20;218;20;20;0;55;	857k;37.1k;270;1,521;1,024;733;1,024;1,024;528;686;	4,100;817;392;1,028;776;1,403;776;776;527;406;	0		206
galangtriansyah	175	1,270	853	1	8	3,716;18;285;121;268;18;	857k;1,272;921;22.7k;5,843;1,272;	4,100;533;1,514;1,000;726;533;	0		219
galangtriansyah	175	1,270	853	1	5	3,716;281;0;112;259;	857k;12.5k;528;3,862;13.1k;	4,100;443;527;1,999;239;	0		221
galangtriansyah	175	1,270	853	1	6	0;0;0;0;0;36;	528;528;528;528;528;1,257;	527;527;527;527;527;871;	0		251
galangtriansyah	175	1,270	853	1	13	174;327;39;112;274;748;79;185;0;45;175;175;	8,097;1,045;829;11.7k;1,156;439;1,117;1,428;3;1,521;1,270;1,270;	1,563;703;813;1;479;415;409;438;0;1,028;853;853;	0		256
galangtriansyah	175	1,270	853	1	7	3,716;1,161;45;755;24;79;	857k;37.1k;1,521;20.4k;1,426;1,117;	4,100;817;1,028;1,224;982;409;	0		225
galangtriansyah	175	1,270	853	1	5	21;281;45;175;7;	1,050;12.5k;1,521;1,270;662;	409;443;1,028;853;329;	0		179
galangtriansyah	175	1,270	853	1	11	3,716;0;129;0;1,352;466;31;2,229;3;93;	857k;528;2,738;53;6,113;12.7k;691;32.9k;411;551;	4,100;527;238;537;1,491;318;375;4,268;305;541;	1	36,496	183
mackenziequarterman	116	7,204	897	1	15	55;708;173;24;33;180;98;132;1,894;47;643;94;996;8;220;	445;29.2k;2,515;129;1,043;3,385;9,287;1,265;15.5k;528;18.7k;6,511;6,099;2,328;9,888;	365;180;526;302;283;392;324;565;707;611;756;228;493;2,073;917;	12	238,5283,737,006233,797,2552,016,085897,554727,83890,773217,668380,85625,3406,396331,512	351
mackenziequarterman	116	7,204	897	1	16	1,048;2,482;172;282;80;36;708;416;98;175;236;116;416;173;334;180;	244k;10.4k;4,410;402;371;102;29.2k;8,417;9,287;1,500;3,218;7,204;8,417;2,515;11.9k;3,385;	321;1,533;893;633;517;6,348;180;336;324;673;427;897;336;526;780;392;	29	238,5283,737,010233,797,4082,016,0872,093,658897,559727,83890,773217,6683,272,4323,436,046324,98132,044715,7489,507,7702,624,53912,394210,9595,954,1134,804,79978,32412,57523,80614,58410225,343380,8576,396	308
mackenziequarterman	116	7,204	897	1	13	708;153;670;670;214;180;98;94;334;643;174;381;116;	29.2k;9,262;1,265;1,265;28.6k;3,385;9,287;6,511;11.9k;18.7k;2,515;3,194;9,029;	180;1,556;2,103;2,103;550;392;324;228;780;756;526;266;3,064;	29	238,5283,737,023233,797,7842,016,0872,093,665897,562727,83890,773217,6683,272,4303,436,059324,98132,044715,7519,507,7802,624,54712,394380,8576,396331,513	338
mackenziequarterman	116	7,204	897	1	8	708;610;1,805;236;69;180;116;314;	29.2k;5,718;28.1k;3,218;601;3,385;7,204;8,983;	180;2,209;2,174;427;80;392;897;776;	29	238,5283,737,0262,099,807101,0882,016,0892,093,664897,566727,83890,773217,6683,272,430324,98132,044715,7529,507,7982,624,54712,394210,9595,954,1384,804,81978,32612,57523,80614,58410225,343380,858619,823331,513	932
mackenziequarterman	116	7,204	897	1	14	1,712;708;214;837;153;116;153;334;174;1,423;295;173;370;381;	1.4m;29.2k;28.6k;4,399;9,262;7,204;9,262;11.9k;4,398;12.1k;5,425;2,515;1,889;3,194;	101;180;550;1,253;1,556;897;1,556;780;1,588;711;657;526;1,172;266;	29	238,5283,737,0372,099,809101,0882,016,0912,093,667897,569727,840217,6693,272,432324,98132,044715,7559,507,8182,624,55612,394210,9595,954,1494,804,83278,32612,57523,80614,58410225,343380,858	365
mackenziequarterman	116	7,204	897	1	6	708;153;116;180;312;798;	29.2k;9,262;7,204;3,385;20k;717;	180;1,556;897;392;234;1,856;	29	238,5283,737,0452,099,810101,0882,016,0932,093,671897,571727,84190,776217,6703,272,434324,98132,044715,7619,507,8322,624,56112,394210,9595,954,1594,804,84278,32612,575619,825331,514	576
mackenziequarterman	116	7,204	897	1	15	60;708;103;220;180;173;214;153;670;643;697;174;334;798;	1,184;29.2k;3,123;9,889;3,385;2,515;28.6k;9,262;1,265;18.7k;16.3k;4,398;11.9k;717;	1,123;180;390;917;392;526;550;1,556;2,103;756;2,131;1,588;780;1,856;	29	238,5283,737,0492,099,812101,0882,016,0952,093,675897,571727,84190,777217,6703,272,434324,98132,044715,7619,507,8342,624,561	736
mackenziequarterman	116	7,204	897	1	10	55;708;153;105;697;173;180;36;202;214;	445;29.2k;9,262;1,190;16.3k;2,515;3,385;1,517;468;28.6k;	365;180;1,556;1,357;2,131;526;392;222;275;550;	29	238,5283,737,0512,099,810101,0892,016,0902,093,677897,576727,84290,777217,6703,272,434324,98132,044715,7639,507,8472,624,56312,394210,9595,954,1744,804,85978,32812,57523,80614,58410225,343380,859619,827331,514	723
mackenziequarterman	116	7,204	897	1	14	2,482;708;296;214;33;94;64;100;731;151;1,524;2,445;171;174;	10.4k;29.2k;13.5k;28.6k;1,045;6,511;3.1m;1,560;3,663;180;26.1k;11k;1,222;4,398;	1,533;180;782;550;283;228;39;362;200;22;1,508;979;998;1,588;	29	238,5293,737,0562,099,811101,0902,016,0902,093,683897,576727,84290,777217,6703,272,4344,804,86878,32812,57523,80614,58410225,343380,862619,827331,514	840
mackenziequarterman	116	7,204	897	1	16	2,482;708;274;17;236;36;174;837;160;381;79;2;4;41;2,445;	10.4k;29.2k;4,837;2,335;3,218;1,791;666;4,399;20.7k;3,194;314;0;94;1,161;11k;	1,533;180;895;1,337;427;408;1,047;1,253;211;266;561;0;72;203;979;	29	238,5293,737,0582,099,810101,0912,016,0892,093,684897,576727,84290,777217,6703,272,434324,98132,044715,7689,507,8842,624,56612,394210,9585,954,1864,804,87978,32812,57523,80614,58410225,343380,861619,828331,513	667
mackenziequarterman	116	7,204	897	1	15	55;708;116;153;110;327;697;220;33;381;851;381;1,263;116;	445;29.2k;7,204;9,262;3,383;1,149;16.3k;9,889;10.6k;1,076;14.6k;3,194;9,501;7,204;	365;180;897;1,556;691;782;2,131;917;5,887;170;961;266;758;897;	29	238,5293,737,0702,099,813101,0912,016,0932,093,692897,578727,84490,777217,6703,272,439324,98132,044715,7709,507,9132,624,56912,394210,9585,954,1974,804,884	732
mackenziequarterman	116	7,204	897	1	13	1,118;828;708;313;253;220;828;697;1,894;295;214;116;	54.7k;7,615;29.2k;20k;821;9,889;7,615;16.3k;15.5k;5,424;28.6k;7,204;	184;389;180;234;511;917;389;2,131;707;657;550;897;	30	141,609238,5293,737,0752,099,818101,0912,016,0952,093,695897,579727,84590,777217,6703,272,438324,98132,044715,7739,507,9272,624,57312,394210,9585,954,207380,861619,826331,513	492
mackenziequarterman	116	7,204	897	1	16	302;708;75;174;18;214;51;220;17;153;381;116;	1,905;29.2k;3,394;4,398;65;28.6k;4,304;9,888;286;9,262;3,194;7,204;	817;180;718;1,588;272;550;1,108;917;827;1,556;266;897;	29	238,5303,737,0782,099,818101,0912,016,0952,093,696897,582727,84590,778217,6703,272,438324,98132,044715,7769,507,9332,624,57212,39478,33012,57523,80614,58410225,345380,863619,826331,513	696
mackenziequarterman	116	7,204	897	1	14	708;64;610;113;116;55;708;220;313;280;116;214;303;	29.2k;2,041;5,717;1,326;7,204;445;29.2k;9,888;20k;19.8k;7,204;28.6k;4,956;	180;317;2,209;375;897;365;180;917;234;595;897;550;116;	29	238,5303,737,0842,099,817101,0912,016,0952,093,695897,582727,84890,779217,6703,272,438324,98132,044715,7809,507,9432,624,57112,394210,9585,954,2254,804,91278,33112,57523,80614,58410225,345380,862619,827331,513	430
mackenziequarterman	116	7,204	897	1	10	708;303;370;221;220;51;116;160;38;296;	29.2k;4,956;1,889;17.4k;9,888;4,304;7,204;20.1k;1,517;13.5k;	180;116;1,172;3,104;917;1,108;897;635;670;782;	29	238,5303,737,0852,099,818101,0922,016,0962,093,697897,584727,84990,779217,6703,272,439324,98132,044715,7809,507,9592,624,56912,394210,9585,954,231380,862619,827331,513	369
mackenziequarterman	116	7,204	897	0	8	708;214;51;236;381;253;610;	29.2k;28.6k;4,304;3,218;3,194;821;5,717;	180;550;1,108;427;266;511;2,209;	29	238,5303,737,0892,099,817101,0932,016,1002,093,698897,586727,85190,779217,6713,272,439324,98132,044715,7829,507,9712,624,57012,394210,95814,58410225,345380,863619,827331,512	333
mackenziequarterman	116	7,204	897	1	9	708;27;334;253;280;151;180;220;1,444;	29.2k;487;11.9k;821;19.8k;6,034;3,385;9,888;4,345;	180;68;780;511;595;1,628;392;917;1,580;	29	238,5313,737,0982,099,817101,0932,016,1032,093,700897,586727,85290,779217,6703,272,439324,98132,044	358
mackenziequarterman	116	7,204	897	1	20	107;2,482;708;610;405;27;370;128;313;649;56;137;177;180;726;38;1,734;116;116;116;	1,758;10.4k;29.2k;5,717;6,065;487;1,889;8,999;1,765;262k;2,136;467;9,201;10.7k;20.4k;289;6,634;7,204;7,204;7,204;	0;1,533;180;2,209;731;68;1,172;942;303;439;297;767;264;374;308;255;1,010;897;897;897;	29	238,5313,737,1002,099,819101,0932,016,1042,093,704897,589727,85490,780217,6713,272,439324,98132,044715,7879,508,0082,624,57412,394210,9585,954,2514,804,95678,333331,513	415
mackenziequarterman	116	7,204	897	1	8	55;708;116;201;105;178;51;116;	445;29.2k;7,204;3,073;3,023;2,477;4,304;7,204;	365;180;897;459;1,459;350;1,108;897;	29	238,5313,737,1092,099,821101,0932,016,1102,093,711897,593727,85690,780217,6713,272,441324,98132,044715,7909,508,0342,624,57812,394210,9585,954,2604,804,96678,33312,57523,80614,58410225,345380,863619,828331,513	464
mackenziequarterman	116	7,204	897	1	7	708;236;180;610;1,894;100;481;	29.2k;3,218;3,385;5,716;15.5k;3,696;4,414;	180;427;392;2,209;707;189;506;	29	238,5313,737,1202,099,820101,0942,016,1112,093,713897,593727,85890,781217,6713,272,441324,98132,044715,7929,508,0392,624,58012,394210,9585,954,2664,804,97078,33312,57523,80614,584102	344
mackenziequarterman	116	7,204	897	1	8	49;708;610;236;214;153;626;1,423;	860;29.2k;5,716;3,218;28.6k;9,262;7,778;12.1k;	397;180;2,209;427;550;1,556;2,451;711;	29	3,272,441324,98132,044715,7979,508,0512,624,58212,394210,9585,954,2684,804,98578,33312,57523,80614,58410225,345380,864619,829331,513	389
mackenziequarterman	116	7,204	897	1	12	708;2,665;180;468;214;116;411;116;310;153;405;280;	29.2k;252k;3,385;7,276;28.6k;7,204;4,982;7,204;21.5k;9,262;6,065;19.8k;	180;673;392;414;550;897;669;897;13;1,556;731;595;	29	238,5313,737,1312,099,822217,6713,272,441324,98132,044715,7999,508,0672,624,58212,394210,9585,954,2774,805,00578,33312,57523,80614,58510225,345380,863	422
mackenziequarterman	116	7,204	897	1	12	2,482;708;116;122;21;1,088;100;468;243;300;201;2,030;	10.4k;29.2k;7,204;119;638;13.9k;7,220;7,275;122k;2,480;3,073;161k;	1,533;180;897;175;588;942;531;414;334;570;459;435;	29	90,782217,67278,3333,272,442324,98132,044715,8029,508,0842,624,58612,394210,9585,954,2904,805,01623,80614,585492,65510225,345380,863	390
mackenziequarterman	116	7,204	897	1	16	359;107;2,482;708;180;602;214;296;214;164;217;858;228;171;708;236;	336k;1,757;10.4k;29.2k;3,385;10.3k;28.6k;13.5k;3,685;3,506;2,879;23.2k;3,776;1,318;29.2k;3,218;	63;0;1,533;180;392;744;550;782;353;2,936;159;1,481;1,443;205;180;427;	29	238,5323,737,1422,099,829101,0942,016,1242,093,710897,602727,86890,783217,6723,272,444324,98132,044715,8069,508,1042,624,59212,394210,9585,954,2934,805,033	406
mackenziequarterman	116	7,204	897	1	12	652;708;68;62;141;347;610;214;180;1,423;575;127;	886k;29.2k;9,239;1,325;458;5,111;5,716;28.6k;3,385;12.1k;10.6k;1,755;	108;180;2,403;1,168;348;883;2,209;550;392;711;739;1,434;	29	238,5323,737,1472,099,829101,0942,016,1262,093,717897,606727,86990,782217,6723,272,444324,98132,044715,8069,508,1182,624,59312,394210,9585,954,3094,805,03978,336	338
mackenziequarterman	116	7,204	897	1	13	708;203;116;602;113;313;1,044;388;180;236;555;364;116;	29.2k;2,116;7,204;10.3k;1,326;20k;374;3,910;3,385;3,218;5,392;39.3k;7,204;	180;499;897;744;375;234;1,286;985;392;427;121;1,605;897;	29	238,5323,737,1542,099,834101,0952,016,1312,093,717897,607727,87290,783217,6743,272,443324,98132,044715,8069,508,1332,624,59812,394210,9595,954,315	373
mackenziequarterman	116	7,204	897	1	10	708;630;116;55;214;153;22;457;437;94;	29.2k;5,231;7,204;445;28.6k;9,261;3,865;1,034;10.2k;6,512;	180;840;897;365;550;1,556;2,583;1,151;559;228;	29	238,5323,737,1642,099,836101,0952,016,1352,093,724897,607727,87290,783217,6743,272,444324,98132,044715,8089,508,1472,624,60212,394210,9595,954,3244,805,04878,33612,57523,80614,58510225,345380,868619,832331,515	434
_deniserenee_	1,140	31.7k	948	0	11	177;1,140;1,200;1,653;177;40;34;637;590;290;1,140;	95;31.7k;13.9k;155k;95;301;95;5,091;14k;1,213;31.7k;	256;948;772;484;256;561;127;1,158;930;329;948;	5	38,439,4047,228,681234,76749,685134,494	1,019
_deniserenee_	1,140	31.7k	948	0	11	269;308;591;166;439;849;2,462;353;1,086;121;542;	178;447;14k;982;11.1k;13.7k;274k;920;46.7k;382;1,927;	526;820;930;219;575;165;335;508;1,018;679;2,217;	3	232,703107,2242,856	814
_deniserenee_	1,140	31.7k	948	0	5	696;696;762;2,510;5,457;	3,607;3,607;28.4k;19.3k;13.8k;	240;240;1,776;1,449;1,652;	3	10,587,0517,353455,762	573
_deniserenee_	1,140	31.7k	948	0	7	1,004;640;100;89;88;1,140;2,508;	51.9k;6,710;7,093;90;823;31.7k;6m;	998;616;393;147;928;948;0;	3	501,426283,61231,096,585	1,357
_deniserenee_	1,140	31.7k	948	0	12	683;1,140;122;569;590;120;440;849;641;1;27;166;	2,780;31.7k;127;15.7k;14k;1,362;33.1k;13.7k;12.6k;82;682;1,427;	440;948;286;584;930;260;1,256;165;91;139;275;7,057;	4	9,003,30151,091,90131,88551,805	1,146
_deniserenee_	1,140	31.7k	948	0	3	569;44;590;	15.7k;441;14k;	584;362;930;	5	72,920,0936,78161,59925,23710,805,570	1,000
_deniserenee_	1,140	31.7k	948	0	8	451;491;849;1,004;258;421;246;1,140;	16.3k;5,256;13.7k;51.9k;4,501;41.7k;1,255;31.7k;	386;567;165;998;2,827;444;532;948;	3	2,417,75627,10638,439,474	1,100
_deniserenee_	1,140	31.7k	948	0	3	60;7,011;104;	78;1.3m;347;	41;5,235;330;	5	1,461,7463,390455,766241,3706,227,493	832
_deniserenee_	1,140	31.7k	948	0	0				3	107,225232,7041,320	974
_deniserenee_	1,140	31.7k	948	0	3	236;41;12;	308;406;220;	351;720;272;	3	542,30351,805491,674	748
_deniserenee_	1,140	31.7k	948	0	9	789;300;542;48;439;591;2,317;82;784;	35.8k;20.2k;1,483;230;11.1k;14k;24.9k;73;18.2k;	372;278;456;220;575;930;783;158;443;	3	542,3039911,586	952
_deniserenee_	1,140	31.7k	948	0	1	314;	7,397;	390;	4	491,674124,3711,381	606
_deniserenee_	1,140	31.7k	948	0	0				4	542,3047,3268,929,40219,817	989
_deniserenee_	1,140	31.7k	948	0	8	382;617;683;453;640;849;120;428;	55.3k;25.1k;2,780;1,193;6,710;13.7k;1,362;1,421;	114;686;440;1,507;616;165;260;837;	4	1,808,516455,7678,739,7081,120,378	1,016
_deniserenee_	1,140	31.7k	948	0	7	999;849;0;115;37;112;1,140;	44.4k;13.7k;44;1,737;699;496;31.7k;	307;165;143;902;800;200;948;	3	31,88515,276,58626,234	870
_deniserenee_	1,140	31.7k	948	0	2	558;1,140;	1,190;31.7k;	485;948;	3	319,89017,775,5901,854,119	445
_deniserenee_	1,140	31.7k	948	0	7	246;2,462;120;2,634;1,369;954;768;	1,255;274k;1,362;37.7k;1,177;4,980;8,905;	532;335;260;575;843;988;516;	3	491,67431,88515,276,589	707
_deniserenee_	1,140	31.7k	948	0	12	1,140;1,140;1,823;13;451;321;185;316;1,663;196;78;962;	31.7k;31.7k;106k;85;16.3k;2,009;5,483;11.8k;988;1,091;221;10.2k;	948;948;578;410;386;302;392;286;2,772;355;103;362;	3	12,15310,68638,439,547	1,230
_deniserenee_	1,140	31.7k	948	0	1	57;	5,245;	224;	3	8,977,723542,307105,571	745
_deniserenee_	1,140	31.7k	948	0	4	7,011;658;2,462;849;	1.3m;904;274k;13.7k;	5,235;556;335;165;	4	455,77022,84515,960,0134,359,495	943
_deniserenee_	1,140	31.7k	948	0	3	244;298;393;	866;78;93;	158;423;305;	3	106,937102,21919,343	953
_deniserenee_	1,140	31.7k	948	0	3	473;482;378;	13.4k;83.8k;1,471;	3,785;309;375;	5	455,7714609,003,32638,439,577	505
_deniserenee_	1,140	31.7k	948	0	7	921;795;1,352;2,462;439;2,997;182;	1,803;3,480;21.4k;274k;11.1k;2.6m;246;	902;1,532;692;335;575;4,512;491;	2	8,0655,091	689
_deniserenee_	1,140	31.7k	948	0	2	357;192;	558;108;	1,034;181;	3	599,6687,893,8163,199,948	697
_deniserenee_	1,140	31.7k	948	0	9	768;726;592;640;2,508;2,462;57;1,140;	8,905;1,296;18.6k;6,710;12.4k;274k;137;31.7k;	516;496;471;616;761;335;1,090;948;	3	62,425542,315599,668	1,109
_deniserenee_	1,140	31.7k	948	0	1	170;	1,667;	197;	3	455,769614,361105,571	774
_deniserenee_	1,140	31.7k	948	0	6	2,082;131;120;148;806;591;	446;888;1,362;71;3,575;14k;	1,437;2,290;260;197;1,001;930;	3	99,28819,81731,456	874
michaelleviton	1,690	4,421	2,752	0	0				0		49
michaelleviton	1,690	4,421	2,752	0	0				0		87
michaelleviton	1,690	4,421	2,752	0	1	775;	633;	913;	0		67
michaelleviton	1,690	4,421	2,752	0	0				0		135
michaelleviton	1,690	4,421	2,752	0	0				0		247
michaelleviton	1,690	4,421	2,752	0	0				0		123
michaelleviton	1,690	4,421	2,752	0	0				0		111
michaelleviton	1,690	4,421	2,752	0	5	1,122;96;1,122;96;1,690;	1,656;989;1,656;989;4,421;	1,028;908;1,028;908;2,752;	0		175
michaelleviton	1,690	4,421	2,752	0	0				0		108
michaelleviton	1,690	4,421	2,752	0	4	540;1,668;332;540;	8,419;864;1,779;8,419;	289;370;2,415;289;	0		150
michaelleviton	1,690	4,421	2,752	0	0				0		86
michaelleviton	1,690	4,421	2,752	0	0				0		350
michaelleviton	1,690	4,421	2,752	0	0				0		181
pure_ella	2,229	29.7k	1,415	0	0				0		149
pure_ella	2,229	29.7k	1,415	0	1	7,011;	1.3m;	5,235;	0		114
pure_ella	2,229	29.7k	1,415	0	1	7,011;	1.3m;	5,235;	1	685,695	263
pure_ella	2,229	29.7k	1,415	0	0				1	3,306	307
pure_ella	2,229	29.7k	1,415	0	0				2	20,653,13360,173,067	248
pure_ella	2,229	29.7k	1,415	0	1	53;	362;	399;	1	223	515
pure_ella	2,229	29.7k	1,415	0	5	2,229;7,011;2,229;2,229;72;	29.7k;1.3m;29.7k;29.7k;200;	1,415;5,235;1,415;1,415;338;	0		380
pure_ella	2,229	29.7k	1,415	0	0				0		193
pure_ella	2,229	29.7k	1,415	0	3	2,229;7,011;1,461;	29.7k;1.3m;503;	1,415;5,235;399;	1	310	334
pure_ella	2,229	29.7k	1,415	0	2	7,011;51;	1.3m;41;	5,235;40;	0		388
pure_ella	2,229	29.7k	1,415	0	2	2,229;7,011;	29.7k;1.3m;	1,415;5,235;	0		243
pure_ella	2,229	29.7k	1,415	0	0				0		257
pure_ella	2,229	29.7k	1,415	0	4	2,229;7,011;1;27;	29.7k;1.3m;82;682;	1,415;5,235;139;275;	2	20,653,13760,173,091	406
pure_ella	2,229	29.7k	1,415	0	2	2,229;7,011;	29.7k;1.3m;	1,415;5,235;	2	16,244,6661,308,383	732
pure_ella	2,229	29.7k	1,415	0	1	7,011;	1.3m;	5,235;	2	20,653,14460,173,099	247
pure_ella	2,229	29.7k	1,415	0	2	2,229;7,011;	29.7k;1.3m;	1,415;5,235;	3	582,9847,023,09160,173,100	276
pure_ella	2,229	29.7k	1,415	0	2	2,229;7,011;	29.7k;1.3m;	1,415;5,235;	2	20,653,14460,173,110	618
pure_ella	2,229	29.7k	1,415	0	4	2,229;2,997;7,011;2,229;	29.7k;34.3k;1.3m;29.7k;	1,415;3,795;5,235;1,415;	0		376
pure_ella	2,229	29.7k	1,415	0	1	2,229;	29.7k;	1,415;	0		164
pure_ella	2,229	29.7k	1,415	0	1	2,229;	29.7k;	1,415;	2	20,653,150160,117	295
pure_ella	2,229	29.7k	1,415	0	1	2,229;	29.7k;	1,415;	2	20,653,15315,276,726	376
pure_ella	2,229	29.7k	1,415	0	1	2,229;	29.7k;	1,415;	2	20,653,15460,173,151	536
pure_ella	2,229	29.7k	1,415	0	2	2,229;7,011;	29.7k;1.3m;	1,415;5,235;	1	310	295
pure_ella	2,229	29.7k	1,415	0	2	2,229;7,011;	29.7k;1.3m;	1,415;5,235;	4	20,653,15960,173,163120,947,395393,181	348
pure_ella	2,229	29.7k	1,415	0	3	100;2,229;7,011;	1,062;29.7k;1.3m;	96;1,415;5,235;	0		328
pure_ella	2,229	29.7k	1,415	0	0				2	10,381,45513,174,382	333
pure_ella	2,229	29.7k	1,415	0	4	1,468;1,468;7,011;3,787;	49.5k;49.5k;1.3m;116k;	850;850;5,235;877;	3	30,392196,84970,388	200
missyjena	976	55.4k	334	0	9	201;877;1,105;1,137;745;77;1,285;1,078;390;	1,206;2,204;21k;4,616;4,804;743;10.2k;92.7k;10.8k;	196;501;570;374;358;919;839;380;319;	1	129,222	473
missyjena	976	55.4k	334	0	16	679;745;2,295;1,370;373;1,105;1,591;2,304;1,959;1,059;3,203;976;180;1,741;1,407;976;	245k;4,804;11k;20.5k;1,221;21k;2,228;54.7k;458k;11k;3,396;55.4k;1,662;54.2k;2,360;55.4k;	250;358;339;553;282;570;334;407;140;400;4,383;334;37;448;357;334;	1	129,222	885
missyjena	976	55.4k	334	1	10	1,078;870;976;1,666;1,100;568;196;147;976;877;	92.7k;21.7k;55.4k;3,178;40.3k;676;7,139;112;55.4k;2,204;	380;432;334;705;435;186;429;152;334;501;	1	129,222	1,028
missyjena	976	55.4k	334	0	1	1,666;	3,178;	705;	0		2,573
missyjena	976	55.4k	334	0	15	390;1,137;745;1,105;196;599;2,154;976;1,100;1,105;976;1,105;976;637;1,100;	10.8k;4,616;4,804;21k;7,139;86.2k;3,913;55.4k;40.3k;21k;55.4k;21k;55.4k;21.3k;40.3k;	319;374;358;570;429;334;404;334;435;570;334;570;334;386;435;	0		497
missyjena	976	55.4k	334	1	5	1,021;278;1,455;272;95;	439;530;621;1,258;191;	486;2,210;733;381;101;	1	129,222	918
missyjena	976	55.4k	334	1	13	1,557;388;877;272;93;1,100;1,262;1,407;1,747;938;1,020;976;976;	61.3k;2,148;2,204;1,258;1,654;40.3k;43k;2,360;144k;1,354;78.4k;55.4k;55.4k;	253;355;501;381;451;435;453;357;486;367;138;334;334;	0		1,057
missyjena	976	55.4k	334	0	8	662;976;26;1,100;1,405;637;3,867;69;	6,950;55.4k;45;40.3k;49.3k;2,127;21.9k;4,022;	380;334;46;435;184;654;497;490;	4	2,303129,222962,9095,777,198	124
missyjena	976	55.4k	334	0	2	69;	4,022;	490;	0		639
missyjena	976	55.4k	334	1	5	1,262;88;1,672;587;1,078;	43k;2,904;387;386;92.7k;	453;862;557;392;380;	2	7,130129,222	664
missyjena	976	55.4k	334	1	1	1,074;	10.4k;	805;	3	129,2225,184,8365,582,603	381
missyjena	976	55.4k	334	0	13	3,203;270;184;1,845;286;1,741;745;1,341;186;544;1,100;976;976;	3,396;698;7,293;51.1k;429;54.2k;4,804;86.3k;59.3k;95.6k;40.3k;55.4k;55.4k;	4,383;420;289;422;256;448;358;1,172;445;854;435;334;334;	2	129,2229,527,841	560
missyjena	976	55.4k	334	0	6	192;687;20;1,100;418;1,262;	1,030;39.7k;5,253;40.3k;58.7k;43k;	751;394;3,607;435;5,966;453;	2	129,222105,637,275	521
missyjena	976	55.4k	334	0	15	39;937;1,557;976;295;1,105;39;390;679;1,692;1,078;1,078;1,020;976;	175;36k;61.3k;55.4k;19.1k;21k;175;10.8k;245k;23.3k;92.7k;92.7k;78.4k;55.4k;	36;322;253;334;470;570;36;319;250;505;380;380;138;334;	2	129,2221,478,203	428
missyjena	976	55.4k	334	0	8	745;1,220;215;1,321;1,692;687;877;1,370;	4,804;4,737;1,548;52k;23.3k;39.7k;2,204;20.5k;	358;608;285;207;505;394;501;553;	2	129,22222,854,168	510
missyjena	976	55.4k	334	1	11	1,370;1,262;937;1,078;478;3,203;195;147;1,692;654;	20.5k;43k;36k;92.7k;3,657;3,396;4,051;112;23.3k;99.5k;	553;453;322;380;197;4,383;1,800;152;505;514;	2	129,2226,145,272	411
missyjena	976	55.4k	334	1	6	870;68;686;599;1,078;976;	21.7k;85;73.2k;86.2k;92.7k;55.4k;	432;307;1,634;334;380;334;	3	129,2227,383,8684,530,203	732
missyjena	976	55.4k	334	0	0				1	129,222	693
missyjena	976	55.4k	334	0	5	587;674;1,666;1,448;1,100;	386;7,627;3,178;471k;40.3k;	392;305;705;221;435;	2	129,222	721
missyjena	976	55.4k	334	1	0				1	129,222	905
missyjena	976	55.4k	334	0	6	1,059;1,256;1,100;624;	11k;983;40.3k;20.3k;	400;446;435;269;	1	129,222	489
missyjena	976	55.4k	334	0	10	1,557;128;1,405;286;1,137;1,083;1,692;1,220;745;1,100;	61.3k;2,506;49.3k;429;4,616;813;23.3k;4,737;4,804;40.3k;	253;319;184;256;374;295;505;608;358;435;	1		929
missyjena	976	55.4k	334	0	12	762;1,692;745;1,405;2,399;3,203;698;1,407;215;380;765;976;	9,239;23.3k;4,804;49.3k;794;3,396;7,602;2,360;1,548;7,090;225;55.4k;	1,134;505;358;184;1,500;4,383;1,583;357;285;5,771;311;334;	0		1,001
missyjena	976	55.4k	334	0	11	1,391;174;788;870;683;215;1,100;30;272;409;	140k;18k;6,119;21.7k;42.3k;1,548;40.3k;502;1,843;9,273;	416;2,818;391;432;74;285;435;355;751;6,900;	0		927
missyjena	976	55.4k	334	0	9	2,033;654;762;286;205;1,001;181;517;	45.4k;99.5k;9,239;429;9,004;10.7k;13.7k;18.5k;	425;514;1,134;256;5,298;1,008;5,794;380;	1	129,222	611
missyjena	976	55.4k	334	0	0				1	129,222	825
rebilasphoto	1,914	19.2k	834	1	10	1,914;317;32;1,507;1,803;90;317;2,093;1,914;40;	19.2k;492;88;1,377;436;126;492;1,185;19.2k;269;	834;1,181;174;1,835;1,373;374;1,181;731;834;455;	0		838
rebilasphoto	1,914	19.2k	834	1	3	815;1,914;1,914;	1,041;19.2k;19.2k;	1,196;834;834;	0		746
rebilasphoto	1,914	19.2k	834	1	1	827;	9,680;	638;	2	44,236,894	661
rebilasphoto	1,914	19.2k	834	1	3	937;937;1,914;	5,841;5,841;19.2k;	202;202;834;	0		833
rebilasphoto	1,914	19.2k	834	1	2	3,173;1,914;	27.6k;19.2k;	2,469;834;	0		846
rebilasphoto	1,914	19.2k	834	1	5	40;1,914;897;41;40;	149;19.2k;13.1k;41;149;	698;834;831;253;698;	0		1,288
rebilasphoto	1,914	19.2k	834	1	4	1,914;559;40;77;	19.2k;189;269;219;	834;284;455;318;	3	111	1,294
rebilasphoto	1,914	19.2k	834	1	8	69;1,377;1,914;2,179;1,914;1;1,914;1,914;	37;35.1k;19.2k;119k;19.2k;12;19.2k;19.2k;	541;2,681;834;445;834;40;834;834;	2	8	1,373
rebilasphoto	1,914	19.2k	834	1	3	1,914;902;1,914;	19.2k;837;19.2k;	834;2,430;834;	0		848
rebilasphoto	1,914	19.2k	834	1	3	1,914;41;1,136;	19.2k;435;40.8k;	834;527;172;	0		1,009
rebilasphoto	1,914	19.2k	834	1	0				0		826
rebilasphoto	1,914	19.2k	834	1	1	409;	380;	368;	0		759
rebilasphoto	1,914	19.2k	834	1	2	1,914;84;	19.2k;367;	834;225;	2	49,059,402	419
rebilasphoto	1,914	19.2k	834	1	2	1,914;496;	19.2k;743;	834;915;	2	421,163,247	886
rebilasphoto	1,914	19.2k	834	1	5	1,914;98;1,914;459;1,914;	19.2k;449;19.2k;609;19.2k;	834;437;834;432;834;	0		898
rebilasphoto	1,914	19.2k	834	1	1	1,624;	2,340;	1,554;	1	110,761	599
rebilasphoto	1,914	19.2k	834	1	2	174;1,914;	306;19.2k;	3,825;834;	1	110,761	1,603
rebilasphoto	1,914	19.2k	834	1	6	98;7;1,250;98;293;1,914;	449;115;301;449;593;19.2k;	437;61;573;437;1,377;834;	0		1,155
rebilasphoto	1,914	19.2k	834	1	1	377;	11.2k;	409;	0		1,038
rebilasphoto	1,914	19.2k	834	1	0				0		807
rebilasphoto	1,914	19.2k	834	1	11	2,275;2,455;89;22;135;0;60;50;128;19;	2,146;12.3k;223;310;270;18;3,898;482;526;64;	1,953;659;47;436;329;96;130;461;951;147;	0		845
rebilasphoto	1,914	19.2k	834	1	1	218;	212;	288;	1	110,761	436
rebilasphoto	1,914	19.2k	834	1	9	1,914;91;196;66;836;1,914;938;1,914;1,914;	19.2k;782;2,341;1,005;548;19.2k;2,036;19.2k;19.2k;	834;298;565;698;434;834;752;834;834;	2	339,801110,761	1,536
rebilasphoto	1,914	19.2k	834	1	2	1,650;1,914;	1,598;19.2k;	773;834;	0		710
rebilasphoto	1,914	19.2k	834	1	0				1	110,761	430
rebilasphoto	1,914	19.2k	834	1	0				0		883
rebilasphoto	1,914	19.2k	834	1	2	1,914;10,853;	19.2k;634k;	834;1,177;	0		617
garethcopley	462	1,732	166	1	2	353;1;	22.6k;152;	162;14;	0		2,096
garethcopley	462	1,732	166	1	0				0		64
garethcopley	462	1,732	166	1	1	591;	804;	203;	0		58
garethcopley	462	1,732	166	1	0				0		43
garethcopley	462	1,732	166	1	0				0		53
garethcopley	462	1,732	166	1	1	934;	572;	377;	1	19,679	12
garethcopley	462	1,732	166	1	0				0		40
garethcopley	462	1,732	166	1	1	217;	109;	77;	0		34
garethcopley	462	1,732	166	1	0				1	86	25
garethcopley	462	1,732	166	1	0				2	20786	17
garethcopley	462	1,732	166	1	0				0		98
garethcopley	462	1,732	166	1	0				0		54
garethcopley	462	1,732	166	1	0				0		50
garethcopley	462	1,732	166	1	0				0		88
garethcopley	462	1,732	166	1	0				0		19
garethcopley	462	1,732	166	0	0				0		63
garethcopley	462	1,732	166	1	0				1	86	16
garethcopley	462	1,732	166	1	0				0		16
garethcopley	462	1,732	166	1	0				0		13
garethcopley	462	1,732	166	1	0				0		122
garethcopley	462	1,732	166	1	0				0		29
garethcopley	462	1,732	166	1	0				1		32
garethcopley	462	1,732	166	1	0				1	416,424	64
garethcopley	462	1,732	166	1	0				1	50,315,029	32
garethcopley	462	1,732	166	1	0				0		32
denisesakov	1,373	33.2k	103	1	0				10	71,9545,40414,58912,52638,488,969437,620669,6945,881,1252,018,2791,219,907	92
denisesakov	1,373	33.2k	103	0	3	150;268;114;	3,168;104k;18.4k;	1,481;84;43;	8	12,52638,488,980437,620669,6945,881,1252,018,2801,219,907134,450	145
denisesakov	1,373	33.2k	103	1	1	508;	19.5k;	2,230;	11	2095612,52638,488,994437,620669,6945,881,1332,018,2841,219,911995,773825,294	179
denisesakov	1,373	33.2k	103	1	0				10	2,764938103,9676,21627,4404,370,2535,371,3248,7615,881,141	239
denisesakov	1,373	33.2k	103	1	1	113;	1,651;	410;	7	244910339134,45024,826	280
denisesakov	1,373	33.2k	103	1	3	1,962;2,614;673;	139k;538;60.7k;	269;264;294;	8		338
denisesakov	1,373	33.2k	103	1	0				7		207
denisesakov	1,373	33.2k	103	1	0				8	3,1445761,6961,294,53824,8269,316,520177,050	673
denisesakov	1,373	33.2k	103	1	2	6;6;	22;59;	60;100;	6	162,946135,4131,900,29037,74990,18335,795	331
denisesakov	1,373	33.2k	103	1	1	492;	914;	1,008;	14	107,296396,320156,7959,62125,63963,1303,647364,3395,423242,6743,312	371
denisesakov	1,373	33.2k	103	1	0				4	16,655,924971	248
denisesakov	1,373	33.2k	103	1	0				6	15,45816,655,92997124,826	277
denisesakov	1,373	33.2k	103	0	0				5		188
denisesakov	1,373	33.2k	103	1	4	1,043;588;588;863;	3,075;806;806;2,652;	998;389;389;1,852;	9		184
denisesakov	1,373	33.2k	103	1	0				6		281
denisesakov	1,373	33.2k	103	1	0				5	2,285,006217425,46322,1901,522	235
denisesakov	1,373	33.2k	103	1	0				5	2,285,00621722,19012,631	357
denisesakov	1,373	33.2k	103	1	2	2,614;0;	538;262;	264;238;	15	277556136854,12793827,44660103,96712,157,0216,21627,439	374
denisesakov	1,373	33.2k	103	1	0				4	85217	398
denisesakov	1,373	33.2k	103	1	2	353;57;	22.6k;152k;	162;888;	3	2,285,005425,46522,190	314
denisesakov	1,373	33.2k	103	1	9	78;78;78;78;78;78;78;78;353;	204k;204k;204k;204k;204k;204k;204k;204k;22.6k;	717;717;717;717;717;717;717;717;162;	14	244910339556134,45224,8261,48780,76424,31395,365	440
denisesakov	1,373	33.2k	103	1	0				9	132,193	433
denisesakov	1,373	33.2k	103	1	5	1,795;4;4;1,373;1;	1.5m;38;38;33.2k;86;	2,028;26;26;103;84;	18	8327953282821,2118,749,075103,96712,157,0436,21627,4394,370,282132,1931,219,9215,371,3395,881,189413,097124,61019,751	1,183
denisesakov	1,373	33.2k	103	1	3	1,944;1,373;1,944;	3,589;33.2k;3,589;	525;103;525;	9	318425,46622,1901388,749,076103,9676,21527,439132,193	551
denisesakov	1,373	33.2k	103	1	4	1,944;333;1,373;1,944;	3,589;184;33.2k;3,589;	525;138;103;525;	13	318425,46622,190459,346152438,749,081103,9676,21527,439	2,646
denisesakov	1,373	33.2k	103	1	2	1,320;0;	2,068;6;	355;92;	3		4,251
denisesakov	1,373	33.2k	103	1	6	1,008;662;1,373;803;2,028;1,008;	122k;23.2k;33.2k;14.1k;116k;122k;	1,860;567;103;98;114;1,860;	8	3,74637,035,446	537
mvpboxpics	3,521	8,152	1,598	0	2	4,815;4,815;	4,243;4,243;	1,560;1,560;	17	929,2009,628,34414,121,1981,053,7999,122,617780,130,351271,948,086333,802,519397,189,9971,1513,154,2261,603,36959,529,23220,875,2278,831,2521,029,667	70
mvpboxpics	3,521	8,152	1,598	0	1	353;	23.5k;	738;	26	223,778671,6803,154,227166,8489,628,35414,121,2061,280,3452,539,57920,875,2411,029,66796,555,855391780,130,847123,575,868333,802,658211,252397,190,218	107
mvpboxpics	3,521	8,152	1,598	0	0				6		108
mvpboxpics	3,521	8,152	1,598	0	10	936;3,861;241;1,538;241;1,538;241;1,538;1,538;286;	814k;358k;118;928;118;928;118;928;928;204;	324;466;178;861;178;861;178;861;861;216;	26	582,7841,426,011271,948,240780,131,074333,802,724397,190,35696,555,879105,3719,628,362233,811,051127,5981,053,8003,062,00338,4974,590,2861,029,67020,875,2535,083,57359,529,3578,602,8581,864,101	272
mvpboxpics	3,521	8,152	1,598	0	8	276;4,815;276;3,521;356;459;1,314;3,521;	1,965;4,243;1,965;8,152;860;9,559;444;8,152;	385;1,560;385;1,598;808;879;409;1,598;	3	31,745,12116,244,7321,317,891,360	126
mvpboxpics	3,521	8,152	1,598	0	0				25	21,23213,447,4631,303,5131,426,013271,948,443780,131,819333,802,958397,190,77796,555,959105,3719,628,366233,811,331127,5981,053,8053,062,003	165
mvpboxpics	3,521	8,152	1,598	0	0				24	13,447,4661,303,5141,426,013271,948,483780,132,034333,802,958397,190,81296,555,977105,3729,628,372233,811,412127,5981,053,8053,062,00338,4994,590,2921,029,67420,875,2965,083,57459,529,4728,602,875	198
mvpboxpics	3,521	8,152	1,598	0	0				23	1,864,104	214
mvpboxpics	3,521	8,152	1,598	0	1	905;	99.2k;	2,271;	27	271,948,560780,132,451333,803,084397,191,04996,556,04156,836,8211,663,96513,808,764105,3729,628,382233,811,626127,5981,053,806671,68338,498968,4841,029,675	98
mvpboxpics	3,521	8,152	1,598	0	1	5,631;	14k;	1,499;	25	59,529,5768,602,8951,864,1042432,414,86296,556,10026,138,675	170
mvpboxpics	3,521	8,152	1,598	0	3	271;3,636;1,589;	12k;3,305;1,168;	614;344;941;	24	271,948,738780,133,173333,803,312397,191,47796,556,119105,3729,628,389233,811,866127,5981,053,806546,13938,498968,4841,029,67620,875,335	165
mvpboxpics	3,521	8,152	1,598	0	1	32;	5,830;	157;	24	10,791,59421,23213,447,4821,426,013271,948,831780,133,545333,803,452397,191,67596,556,171105,3729,628,391233,812,088127,5981,053,8061,693,46110,280,7234,590,3061,029,680	102
mvpboxpics	3,521	8,152	1,598	0	8	905;1,796;2,067;241;4,229;3,521;905;905;	99.2k;39.4k;1,019;5,309;6,540;8,152;99.2k;99.2k;	2,271;1,307;1,818;713;1,808;1,598;2,271;2,271;	23	10,280,72456,836,9544,826,709110,659,762	77
mvpboxpics	3,521	8,152	1,598	0	1	1,376;	65.8k;	1,333;	26	2,30213,447,4901,303,5151,426,014271,949,104780,134,458333,803,755397,192,13996,556,275105,3739,628,406233,812,438127,5981,053,8073,062,00538,4994,590,3101,029,68259,529,7638,602,92840,937,663481,790,146	150
mvpboxpics	3,521	8,152	1,598	0	1	3,681;	1,499;	1,315;	24	21,23213,447,4961,303,5151,426,013271,949,182780,134,834333,803,852397,192,37496,556,309105,3739,628,412233,812,496127,600	189
mvpboxpics	3,521	8,152	1,598	0	9	4,343;271;1,796;18;1,796;3,521;18;3,521;5,216;	321k;12k;39.4k;497;39.4k;8,152;497;8,152;18.3k;	212;614;1,307;49;1,307;1,598;49;1,598;1,000;	24	1,864,1052432,414,86496,556,33126,138,733	107
mvpboxpics	3,521	8,152	1,598	0	4	936;184;474;3,521;	814k;2,722;1,408;8,153;	324;713;3,465;1,598;	24	21,23213,447,5131,303,5131,426,012271,949,250780,135,212333,803,984397,192,66796,556,359105,3749,628,421233,812,676127,6001,053,809546,14238,4997,422,3345,083,62559,529,8868,602,9551,864,105	215
mvpboxpics	3,521	8,152	1,598	0	0				29	38,94121,232488,31313,447,5193,624,5901,426,012271,949,378780,135,727333,804,144397,193,01896,556,411105,3749,628,429	108
mvpboxpics	3,521	8,152	1,598	0	0				28	3,624,5901,426,013271,949,490780,136,047333,804,255397,193,18896,556,443105,3749,628,432233,812,977127,6001,053,811546,144103,21612,8351,029,68320,875,4675,083,63059,529,9968,602,9801,864,108	102
mvpboxpics	3,521	8,152	1,598	0	2	2,263;5,223;	776;12.4k;	504;1,424;	16		154
mvpboxpics	3,521	8,152	1,598	0	1	3,521;	8,153;	1,598;	3	7,384,1002,400,55652,733	383
mvpboxpics	3,521	8,152	1,598	0	0				29	2,947,365365,818,148102,77921,176,52018,080171,0573,049271,949,738780,136,798333,804,520397,193,61096,556,507105,3749,628,448233,813,235	128
mvpboxpics	3,521	8,152	1,598	0	0				28	105,3749,628,453233,813,317127,6001,053,81876,3369,002103,216563,65512,835561,7951,029,68920,875,4936,203,77759,530,1348,602,9951,864,108	220
mvpboxpics	3,521	8,152	1,598	0	1	459;	9,556;	879;	27	21,176,55818,080171,0573,04959,530,1748,603,0031,864,1092,364	179
mvpboxpics	3,521	8,152	1,598	0	13	1,213;483;3,521;4,815;162;3,521;5,223;4,815;483;1,386;3,767;1,886;1,886;	8,317;888;8,153;4,244;7,165;8,153;12.4k;4,244;888;2,938;53;512k;512k;	895;686;1,598;1,560;767;1,598;1,424;1,560;686;466;1,367;620;620;	29	5,879,56721,176,57018,080171,057271,950,021780,137,827333,804,819397,194,15696,556,614105,3749,628,457233,813,615	217
mvpboxpics	3,521	8,152	1,598	0	0				29	102,77921,176,58018,080171,0573,049271,950,131780,138,188333,804,949397,194,38996,556,652105,3749,628,465233,813,807127,6001,053,81876,3369,002103,21612,8355,7541,029,69420,875,512	133
mvpboxpics	3,521	8,152	1,598	0	11	375;1,364;2,331;2,331;3,636;3,521;3,636;2,331;375;375;375;	37k;38k;19k;19k;3,305;8,153;3,305;19k;37k;37k;37k;	810;357;2,944;2,944;344;1,598;344;2,944;810;810;810;	29	76,3369,002103,21612,8355,7541,029,69420,875,523561,79759,530,3118,603,0261,864,1122,36441,936,645	194
bujanovicz	175	9,435	1,777	1	4	84;2,245;0;268;	2,367;1,401;35;104k;	192;6,844;41;84;	25	96,556,73765,709,5635,526,293850,701636,1123,620,8468,783,3811,661,604170,804179,7071,051,106317,9692,952,816990,4921,745,8531,572,1527,354,37111,695,523855731,8757,354,3701,661,605	2,790
bujanovicz	175	9,435	1,777	1	0				29	1,642,3441,000,402850,6651,638,645334,325990,70437,366766,2181,264,998152,99127,563,816208,59850,253,842250,170,225850,70396,556,80165,709,59487,687,782250,170,30459,180,69551,542,14128,904,609	998
bujanovicz	175	9,435	1,777	1	7	130;57;137;57;57;13;45;	990;152k;313;152k;152k;11.6k;1,241;	835;888;537;888;888;4,749;357;	6		2,750
bujanovicz	175	9,435	1,777	1	13	234;57;330;175;353;78;78;78;78;78;78;78;78;	215;152k;13.4k;9,435;22.6k;204k;204k;204k;204k;204k;204k;204k;204k;	55;888;4,460;1,777;162;717;717;717;717;717;717;717;717;	28	850,6661,638,64723,222734,23223,45375,998334,325990,70437,366766,2191,264,994152,99127,563,850208,59850,253,931250,170,786850,70396,556,90365,709,66987,687,930250,170,85059,180,779	9,874
bujanovicz	175	9,435	1,777	1	0				28	1,642,3611,000,406850,6691,638,65323,222734,23723,45375,998334,325990,70337,366766,2191,264,996152,99127,563,887208,60050,254,008250,171,283	823
bujanovicz	175	9,435	1,777	1	2	84;57;	2,367;152k;	192;888;	25	179,7071,051,120317,9752,952,844990,5061,745,8741,572,1807,354,43311,695,667855731,8857,354,4361,661,630	2,032
bujanovicz	175	9,435	1,777	1	7	286;213;175;416;175;934;934;	26.5k;1,934;9,435;300;9,435;1,360;1,360;	80;7,268;1,777;123;1,777;729;729;	0		3,176
bujanovicz	175	9,435	1,777	1	3	175;1,110;175;	9,435;645;9,435;	1,777;953;1,777;	0		1,336
bujanovicz	175	9,435	1,777	0	1				0		2,236
bujanovicz	175	9,435	1,777	1	1	12;	208k;	34;	28	1,642,3691,000,410850,6711,638,65823,222734,24023,45375,997334,329990,70537,366766,2211,264,996152,99127,563,950208,60350,254,142250,172,174850,70496,557,09765,709,88087,688,262250,172,23859,180,93451,542,28928,904,681874,298	5,083
bujanovicz	175	9,435	1,777	1	2	139;175;	114;9,435;	130;1,777;	29	1,264,9982,207,260169,912152,99127,563,969208,60350,254,190250,172,435850,70510,909,75464,405,8597,003,32096,557,12965,709,91387,688,346250,172,529	2,461
bujanovicz	175	9,435	1,777	1	1	175;	9,435;	1,777;	23		3,136
bujanovicz	175	9,435	1,777	1	2	101;	360;	405;	19	152,99227,563,997208,603250,172,810850,708	2,928
bujanovicz	175	9,435	1,777	1	3	329;224;175;	1,973;655;9,435;	502;802;1,777;	19	102,012319,39799,86599,865850,707893,864432,966777,1315,050,9557,565,823152,99277,249174,05818,03096,557,20765,710,00428,904,705	1,390
bujanovicz	175	9,435	1,777	1	1				17	442,251946,8754,269,465472,710263,454479,496357,07450,254,33817,775,17390,458359,555874,301850,70937,54065,710,0002,716	1,127
bujanovicz	175	9,435	1,777	1	1	175;	9,435;	1,777;	31	1,764,570179,7091,051,135	1,139
bujanovicz	175	9,435	1,777	1	0				31	96,557,27165,710,0005,526,398850,70987,688,673250,173,73959,181,09218,189,282946,874874,3045,954,6912,546,7843,737,4281,051,1373,540,605636,1202,624,7343,620,9179,508,484179,7098,783,446179,7091,051,139	1,117
bujanovicz	175	9,435	1,777	1	0				31	96,557,33065,710,0645,526,407850,71187,688,817250,174,18059,181,12618,189,296946,874874,3045,954,7002,546,7873,737,4331,051,142	806
bujanovicz	175	9,435	1,777	1	0				32	1,005,3584,294,9271,661,651170,80738,9371,764,573179,7091,051,1461,476	657
bujanovicz	175	9,435	1,777	1	7	186;146;48;186;195;186;	459;4,072;1,815;459;1,586;459;	448;661;873;448;557;448;	25	96,557,39165,710,1395,526,419850,71387,688,957250,174,773874,307636,1203,620,9318,783,4561,661,653170,807179,7091,051,147317,983	1,142
bujanovicz	175	9,435	1,777	1	6	200;121;791;150;150;150;	912;72.4k;6,747;13.7k;13.7k;13.7k;	394;0;1,168;7,364;7,364;7,364;	32	96,557,45165,710,1875,526,424850,71387,689,059250,175,18159,181,22718,189,321946,883874,3075,954,7202,546,7943,737,4471,051,1483,540,613636,121	739
bujanovicz	175	9,435	1,777	1	0				31	96,557,49565,710,2215,526,430850,71487,689,135250,175,52859,181,27418,189,334946,883874,3065,954,7202,546,7963,737,4511,051,1483,540,611636,1222,624,7553,620,9509,508,509179,7098,783,4663,236,5395,432,9021,005,361	923
bujanovicz	175	9,435	1,777	1	3	200;59;	912;555;	394;272;	31	96,557,56365,710,2745,526,445850,71787,689,243250,176,04959,181,31918,189,346946,883874,3085,954,7282,546,8003,737,4561,051,1483,540,615636,122	780
bujanovicz	175	9,435	1,777	1	0				31	5,432,9091,005,3634,294,9611,661,672170,80738,9371,764,574179,7091,051,152	787
bujanovicz	175	9,435	1,777	1	1	175;	9,435;	1,777;	31	96,557,63465,710,3235,526,460850,71787,689,405250,176,65859,181,40818,189,355946,888874,3095,954,7362,546,8043,737,4591,051,1563,540,623170,80838,9371,764,575179,7091,051,156	555
bujanovicz	175	9,435	1,777	1	0				31	96,557,69565,710,3545,526,466850,71787,689,517250,177,06059,181,44318,189,364946,889874,3105,954,743	872
bujanovicz	175	9,435	1,777	1	1	484;	23.8k;	1,300;	31	636,1222,624,7753,620,9749,508,541179,7098,783,4953,236,5485,432,9371,005,3654,294,9761,661,681170,80838,9371,764,572179,7091,051,162	435
ed.templeton	8,137	196k	883	1	4	544;4,927;226;91;	36.7k;153k;69;223;	391;1,483;471;129;	1	98,917,861	370
ed.templeton	8,137	196k	883	0	1	3,342;	54.9k;	2,139;	1	989	1,037
ed.templeton	8,137	196k	883	1	1	8;	55;	84;	0		1,576
ed.templeton	8,137	196k	883	1	2	272;453;	261;278;	2,596;475;	0		2,337
ed.templeton	8,137	196k	883	1	5	3,310;1,289;806;806;333;	488k;726;834;834;302;	476;931;700;700;461;	0		1,888
ed.templeton	8,137	196k	883	1	4	8,137;587;8,137;8,137;	196k;457;196k;196k;	883;722;883;883;	1	4,607,376	1,490
ed.templeton	8,137	196k	883	1	0				0		653
ed.templeton	8,137	196k	883	1	7	8,137;163;8,137;189;163;115;8,137;	196k;608;196k;409;608;481;196k;	883;547;883;1,039;547;806;883;	0		2,899
ed.templeton	8,137	196k	883	1	5	8,137;319;8,137;489;8,137;	196k;116;196k;662;196k;	883;113;883;992;883;	1	989	2,119
ed.templeton	8,137	196k	883	0	2	820;8,137;	1,073;196k;	821;883;	1	98,917,918	638
ed.templeton	8,137	196k	883	1	4	632;117;632;398;	114k;500;114k;222;	692;639;692;310;	1		2,975
ed.templeton	8,137	196k	883	1	1	794;	125k;	666;	2	39,090,237	559
ed.templeton	8,137	196k	883	1	18	799;6,670;8,137;8,137;6,670;3,993;8,137;8,137;4,035;7,729;6,670;8,137;6,670;6,670;8,137;8,137;6,670;8,137;	78;10.5k;196k;196k;10.5k;1.5m;196k;196k;337;14.1k;10.5k;196k;10.5k;10.5k;196k;196k;10.5k;196k;	103;588;883;883;588;393;883;883;1,790;4,589;588;883;588;588;883;883;588;883;	1	98,917,949	1,039
ed.templeton	8,137	196k	883	1	7	8,137;747;8,137;8,137;8,137;2,235;2,235;	196k;1,056;196k;196k;196k;2,100;2,100;	883;408;883;883;883;328;328;	1	98,917,974	635
ed.templeton	8,137	196k	883	1	5	4;1,041;8,137;1,041;8,137;	144k;114;196k;114;196k;	0;334;883;334;883;	1	98,917,980	1,566
ed.templeton	8,137	196k	883	1	6	1,542;1,542;67;3;1,542;1,542;	78.4k;78.4k;875;282;78.4k;78.4k;	872;872;849;322;872;872;	1	98,917,991	1,474
ed.templeton	8,137	196k	883	1	2	8,137;1,839;	196k;1.2m;	883;487;	1	98,917,988	978
ed.templeton	8,137	196k	883	1	3	6;23;215;	1,395;2,283;1,937;	967;792;423;	1	98,917,994	1,081
ed.templeton	8,137	196k	883	1	5	4,227;4,526;4,227;3;598;	58.4k;239;58.4k;282;622;	853;1,012;853;322;665;	2	98,918,0001,617,418	1,063
ed.templeton	8,137	196k	883	1	10	1,239;865;8,137;766;393;766;8,137;345;1,863;345;	161;87;196k;7,475;91;7,475;196k;6,326;4,464;6,326;	331;292;883;242;167;242;883;266;531;266;	2	9898,749,502	1,498
ed.templeton	8,137	196k	883	1	4	317;314;179;129;	1,330;164;1,591;473;	1,019;253;1,188;603;	2	22,157,31742,663,457	738
ed.templeton	8,137	196k	883	1	2	475;475;	1,309;1,309;	1,724;1,724;	1	4,607,383	1,228
panaceas_pantry	469	259k	199	1	8	339;242;2,462;383;279;145;450;369;	18.2k;438;274k;24k;12.7k;19.4k;40.7k;253;	4,310;364;335;462;426;99;1,611;508;	0		2,644
panaceas_pantry	469	259k	199	1	3	966;16;17;	34.1k;608;128;	2,413;1,085;203;	0		3,299
panaceas_pantry	469	259k	199	1	14	144;1,888;126;312;88;1,078;1,427;1,427;88;1,427;88;1,427;88;765;	1,506;96.5k;1,998;372;255;513;771;771;255;771;255;771;255;1,680;	284;597;996;833;342;362;198;198;342;198;342;198;342;1,058;	0		5,421
panaceas_pantry	469	259k	199	1	16	183;183;360;608;257;833;616;12;450;1,185;1,185;1,251;624;756;274;497;	3,338;3,338;892;67.1k;3,477;84.1k;19.5k;169;40.7k;13k;13k;159k;116k;95.9k;15.2k;8,549;	300;300;800;152;236;471;582;193;1,611;542;542;269;209;238;215;529;	5	1,037,6372,23014,448,1184,3995,857,325	2,316
panaceas_pantry	469	259k	199	1	18	966;383;51;507;1,060;198;643;643;213;230;821;1,069;2,034;3,933;133;469;469;469;	34.1k;24k;165;2,033;107k;20.5k;33.7k;33.7k;36.2k;16.4k;135k;3,040;193k;7,769;767;259k;259k;259k;	2,413;462;65;435;340;407;302;302;187;303;924;1,331;295;839;711;199;199;199;	0		2,647
panaceas_pantry	469	259k	199	1	5	9;469;67;273;67;	86;259k;188;248;188;	125;199;429;540;429;	0		5,239
panaceas_pantry	469	259k	199	1	2	497;89;	8,549;1,859;	529;1,051;	0		3,054
panaceas_pantry	469	259k	199	1	11	50;117;481;855;833;35;3,053;868;1,505;	1,006;4,519;110k;46.2k;84.1k;117;2,236;18.7k;6,978;	403;125;212;302;471;135;2,966;497;1,030;	0		4,526
panaceas_pantry	469	259k	199	1	8	229;229;262;586;503;855;425;158;	1,416;1,416;2,211;18.8k;78.2k;46.2k;19.5k;263;	548;548;836;396;371;302;651;658;	0		3,891
panaceas_pantry	469	259k	199	1	1	497;	8,549;	529;	0		3,202
panaceas_pantry	469	259k	199	1	6	1,888;144;30;171;98;148;	96.5k;1,506;181;283;637;257;	597;284;154;136;598;372;	0		4,105
panaceas_pantry	469	259k	199	0	5	98;1,012;469;469;1,551;	337;624;259k;259k;5,134;	157;1,741;199;199;1,385;	0		3,732
panaceas_pantry	469	259k	199	1	8	469;469;469;399;54;469;30;10;	259k;259k;259k;472;432;259k;415;72;	199;199;199;1,088;337;199;219;100;	0		2,635
panaceas_pantry	469	259k	199	1	1	497;	8,549;	529;	2	9,265,7511,534,622	2,750
panaceas_pantry	469	259k	199	1	0				5	415,4319,849571,73519,307,937215,598	3,843
panaceas_pantry	469	259k	199	1	4	1,061;5;22;	327;183;168;	485;147;42;	4	274,001129,7159,265,752650,382	3,029
panaceas_pantry	469	259k	199	1	12	1,339;1,339;851;113;191;532;1,022;365;279;469;469;469;	33.7k;33.7k;27.6k;509;4,789;8,769;242k;8,364;12.7k;259k;259k;259k;	376;376;346;209;691;2,934;90;287;426;199;199;199;	3	60,176,7866,281,415603,323	2,573
panaceas_pantry	469	259k	199	0	3	1,023;503;17;	2,592;78.2k;295;	876;371;222;	1	11,246,372	3,449
panaceas_pantry	469	259k	199	1	10	648;648;648;232;425;260;56;1,653;699;469;	54.3k;54.3k;54.3k;1,568;52.7k;18.1k;516;155k;145k;259k;	755;755;755;288;296;279;699;484;97;199;	2	1,132,49960,176,814	2,800
panaceas_pantry	469	259k	199	0	8	210;1,141;218;697;12;37;51;256;	9,832;342;51;143;462;191;381;98;	210;318;193;488;1,231;357;505;262;	0		4,057
panaceas_pantry	469	259k	199	0	5	785;109;469;469;2,421;	10.9k;348;259k;259k;293;	1,403;453;199;199;983;	0		4,072
panaceas_pantry	469	259k	199	1	8	1,339;1,339;1,339;469;116;617;529;131;	33.7k;33.7k;33.7k;259k;481;651;183k;117;	376;376;376;199;492;713;1;152;	0		3,399
panaceas_pantry	469	259k	199	0	4	1,888;84;286;1;	96.5k;859;279;142;	597;324;501;631;	0		2,903
panaceas_pantry	469	259k	199	1	10	2,635;300;1,512;304;144;40;471;882;267;469;	66.8k;20.2k;17.5k;4,496;2,836;686;20k;238k;3,808;259k;	990;278;369;404;574;474;477;198;401;199;	0		3,764
panaceas_pantry	469	259k	199	0	5	979;128;349;483;165;	38.1k;633;2,577;6,883;1,786;	576;304;326;532;1,619;	0		4,859
panaceas_pantry	469	259k	199	1	3	497;469;469;	8,549;259k;259k;	529;199;199;	0		3,397
panaceas_pantry	469	259k	199	0	7	1,888;1,888;1,640;3,933;469;1,016;469;	96.5k;96.5k;32.8k;7,768;259k;839;259k;	597;597;199;839;199;1,113;199;	0		2,306
jess.wandering	587	524k	293	1	3	50;1,421;66;	1,026;691k;344;	720;405;540;	0		49,631
jess.wandering	587	524k	293	1	11	1,421;184;81;36;1,153;99;309;86;1,004;95;	691k;2,640;207;382;409;1,170;2,719;221;749;418;	405;1,164;232;270;728;808;994;328;938;380;	0		42,271
jess.wandering	587	524k	293	1	12	1,421;885;82;587;270;0;266;36;529;181;213;1,652;	691k;41.1k;840;524k;341;0;15.9k;226;848;815;657;465;	405;734;1,319;293;240;397;598;213;1,011;603;908;1,466;	0		39,966
jess.wandering	587	524k	293	1	9	1,421;1,421;587;1,179;778;93;371;93;729;	691k;691k;524k;356;5,102;192;324;192;1,338;	405;405;293;672;316;642;769;642;918;	0		38,937
jess.wandering	587	524k	293	1	3	1,421;81;534;	691k;90;262k;	405;89;516;	0		44,742
jess.wandering	587	524k	293	1	6	733;174;1,421;587;1,421;75;	7,634;1,083;691k;524k;691k;356;	1,146;315;405;293;405;458;	0		45,325
jess.wandering	587	524k	293	1	21	1,421;348;4;92;130;334;414;9;146;411;312;243;226;699;105;440;2,020;520;66;133;459;	691k;2,378;216;357;236;1,548;1,318;428;404;726;665;1,001;399;2,616;619;441;1m;1,976;344;715;1,554;	405;1,886;148;539;438;1,461;1,221;147;402;1,397;520;492;1,305;336;664;461;763;1,214;540;649;1,693;	0		35,617
jess.wandering	587	524k	293	1	7	1,421;587;99;89;348;539;931;	691k;524k;302;514;1,019;1,133;3,803;	405;293;987;282;890;803;914;	0		27,883
jess.wandering	587	524k	293	1	13	1,421;587;459;363;77;358;202;152;0;1;22;187;961;	691k;524k;1,043;997;508;915;437;1,369;230;557;464;428;29.7k;	405;293;1,342;788;305;237;240;782;199;596;282;652;1,000;	0		37,740
jess.wandering	587	524k	293	1	8	1,421;202;6;93;196;136;5;727;	691k;437;67;406;579;478;114;417;	405;240;116;561;747;511;125;503;	0		34,184
jess.wandering	587	524k	293	1	15	1,421;49;587;1,421;699;37;74;57;42;39;37;587;72;864;1,125;	691k;464;524k;691k;1,430;994;37.8k;92;110;58;318;524k;907;813;290;	405;758;293;405;128;757;774;177;110;11;412;293;680;764;776;	0		44,590
jess.wandering	587	524k	293	1	10	1,421;40;1,160;48;152;322;322;587;98;241;	691k;360;642k;211;1,369;292;292;524k;708;851;	405;245;836;317;782;570;570;293;500;602;	0		44,721
jess.wandering	587	524k	293	1	7	4,002;19;2;587;942;587;69;	34.1k;42;97;524k;1,719;524k;261;	901;48;182;293;3,180;293;125;	0		28,396
jess.wandering	587	524k	293	1	5	1,421;1;239;611;142;	691k;272;476;726;564;	405;92;405;914;145;	0		34,007
jess.wandering	587	524k	293	1	10	1,421;1,012;826;767;15;228;226;79;114;154;	691k;565k;1,523;398;466;183;844;715;919;1,669;	405;573;1,301;944;393;159;582;440;890;1,090;	0		33,263
jess.wandering	587	524k	293	1	9	1,421;587;60;582;346;78;346;119;49;	691k;524k;651;10.8k;918;1,206;918;239;464;	405;293;864;629;973;1,002;973;1,516;758;	0		33,822
jess.wandering	587	524k	293	1	7	1,421;45;587;64;223;369;	691k;19;524k;540;1,246;706;	405;19;293;964;656;1,007;	0		36,789
jess.wandering	587	524k	293	1	11	1,421;68;78;214;202;1,851;1,251;62;304;	691k;181;977;1,779;437;143;249;290;1,208;	405;197;693;454;240;705;2,448;224;830;	0		36,303
jess.wandering	587	524k	293	1	14	1,421;7;27;18;94;208;1;51;1;51;1;417;61;24;	691k;453;1,194;163;52;300;168;434;168;434;168;1,018;245;246;	405;437;500;151;42;302;80;420;80;420;80;597;218;251;	0		54,205
jess.wandering	587	524k	293	1	9	78;342;65;587;1,807;3;0;102;369;	95;258;1,343;524k;17.9k;42;69;163;2,476;	179;242;1,483;293;314;94;76;338;694;	1	370,022	21,849
jess.wandering	587	524k	293	1	5	425;1,421;587;65;362;	7,509;691k;524k;1,343;59.2k;	442;405;293;1,483;525;	3	23612,090,448162,135	34,917
jess.wandering	587	524k	293	1	6	1,421;83;7;5;587;587;	691k;356;170;175;524k;524k;	405;312;196;399;293;293;	0		41,077
jess.wandering	587	524k	293	1	12	2,811;1,421;506;372;331;1,677;31;78;587;478;988;587;	18.2k;691k;24.4k;449;6,346;12.9k;350;920;524k;562;579;524k;	1,359;405;355;360;777;733;227;135;293;680;512;293;	1	19,349	37,606
jess.wandering	587	524k	293	1	11	1,421;121;32;21;263;32;1,606;25;27;274;708;	691k;1,077;212;350;251;212;1,242;217;131;568;1,435;	405;868;300;705;355;300;667;320;144;635;574;	0		39,025
jess.wandering	587	524k	293	1	10	1,421;587;246;88;40;61;220;106;587;	691k;524k;643;1,341;305;408;544;719;524k;	405;293;773;670;366;395;661;331;293;	1	236	22,369
jess.wandering	587	524k	293	1	10	1,421;1,421;98;36;80;60;302;202;135;108;	691k;691k;529;324;333;663;5,333;437;699;701;	405;405;318;423;353;648;656;240;596;629;	0		48,791
ryanmosse	814	5,370	706	1	7	121;635;492;239;395;723;660;	413;11.1k;7,614;1,965;2,067;4,959;18.6k;	371;4,469;298;4,498;1,299;628;380;	0		322
ryanmosse	814	5,370	706	1	1	757;	9,378;	372;	0		227
ryanmosse	814	5,370	706	1	10	543;241;492;78;231;286;138;255;754;58;	1,649;150;7,614;1,791;50;103;2,168;2,219;1,028;4,392;	611;404;298;644;33;247;686;440;944;129;	0		221
ryanmosse	814	5,370	706	1	6	635;180;635;47;110;395;	58k;877;58k;163;5,388;2,067;	412;627;412;144;428;1,299;	0		236
ryanmosse	814	5,370	706	1	1	971;	65k;	2,592;	0		99
ryanmosse	814	5,370	706	1	0				0		166
ryanmosse	814	5,370	706	1	1	268;	104k;	87;	0		294
ryanmosse	814	5,370	706	1	2	38;268;	2,225;104k;	3,230;87;	0		491
ryanmosse	814	5,370	706	1	0				0		300
ryanmosse	814	5,370	706	1	2	635;796;	58k;1,925;	412;210;	0		488
ryanmosse	814	5,370	706	1	1	107;	4,105;	1,728;	0		424
ryanmosse	814	5,370	706	1	3	1,164;15;7;	913;39;10.4k;	982;39;1,565;	0		1,173
ryanmosse	814	5,370	706	1	1	4;	83;	0;	0		314
ryanmosse	814	5,370	706	1	10	1,026;658;1,130;132;687;104;180;660;187;168;	1,028;50.7k;30.8k;2,046;48.1k;3,634;872;18.6k;453;271;	719;835;268;551;796;592;288;380;601;373;	0		289
ryanmosse	814	5,370	706	1	0				0		317
ryanmosse	814	5,370	706	1	6	133;84;504;99;660;814;	929;40.1k;18.2k;939;18.6k;5,370;	323;88;423;434;380;706;	0		741
ryanmosse	814	5,370	706	1	6	56;660;740;348;1,130;635;	1,258;18.6k;1,587;5,401;30.8k;58k;	879;380;1,828;636;268;412;	0		390
ryanmosse	814	5,370	706	1	0				0		198
ryanmosse	814	5,370	706	1	5	286;1,130;723;701;814;	103;30.8k;4,959;2,230;5,370;	247;268;628;2,144;706;	0		378
ryanmosse	814	5,370	706	1	2	1,130;	30.8k;	268;	0		285
ryanmosse	814	5,370	706	1	3	660;25;6;	18.6k;371;1,146;	380;335;1,485;	0		881
ryanmosse	814	5,370	706	1	3	357;660;9;	1,876;18.6k;12.6k;	1,005;380;2,668;	0		294
ryanmosse	814	5,370	706	1	1	284;	6.9m;	1;	0		187
ryanmosse	814	5,370	706	1	10	928;348;158;45;58;841;506;1,072;366;206;	3,121;5,401;819;1,658;4,392;24.6k;916;24.2k;22.6k;3,547;	790;636;526;94;129;1,055;474;597;586;954;	0		559
ryanmosse	814	5,370	706	1	9	366;102;25;543;2,444;58;280;35;184;	22.6k;2,023;6,883;1,649;10.3k;4,392;32k;637;1,642;	586;278;1,012;611;1,643;129;2,876;3,064;416;	0		358
ryanmosse	814	5,370	706	1	5	104;286;928;58;348;	3,634;103;3,121;4,392;5,401;	592;247;790;129;636;	0		316
ryanmosse	814	5,370	706	1	10	1,123;635;635;395;492;166;2,033;207;841;366;	2,579;58k;58k;1,159;7,614;749;1,076;865;24.6k;22.6k;	974;412;412;266;298;939;1,450;684;1,055;586;	0		339
